300           490.508      12.3582      4.32222       3      48.3533
      7.65202      7.44482      58.9615     0.883564  -0.00319007
300           506.146      12.5215      4.41833       3      48.3536
      7.31747      10.2686      58.9615     0.888011  -0.00225064
300           520.013      12.7890      4.50667       3      48.4481
      7.93023      10.0142      58.9615     0.892004  -0.00430201
300           534.093      12.5162      4.60000       3      48.3808
      7.73412      9.08284      58.9615     0.896123 -0.000883263
300           549.055      12.7994      4.70417       3      48.5759
      7.65475      13.3667      58.9615     0.900595 -0.000113988
300           582.883      11.9941      4.94194       3      47.8967
      7.42609      13.4038      58.9615     0.903660  -0.00223238
