           198.0       2  1025.72D0  0.882D0  1.00000D10
      20     900      4.98556      107.000      44.1000     -29.9000
      141.600      136.900      8847.22       3      81.3458      267.248
     -14.9235      3.07577      5.61549      0.00000      0.00000
      23     900      5.40028      113.000      39.8000     -20.2000
      143.600      133.300      8544.73       3      81.3458      267.248
     -14.8897      3.14156      5.27218      0.00000      0.00000
      25     900      5.70028      117.900      36.8000     -12.8000
      144.500      130.700      8265.46       3      81.3458      267.248
     -14.8638      3.11859      5.12310      0.00000      0.00000
      27     900      5.98444      123.000      34.1000     -5.60000
      145.000      128.600      7957.75       3      81.3458      267.248
     -14.8381      3.29307      5.43054      0.00000      0.00000
      29     900      6.28389      129.100      31.5000      2.20000
      145.100      126.900      7591.90       3      81.3458      267.248
     -14.8102      3.03684      5.26243      0.00000      0.00000
      31     900      6.58361      136.000      29.0000      9.90000
      144.700      126.100      7187.46       2      81.3458      267.248
     -14.7814      3.26921      5.08178      0.00000      0.00000
      33     900      6.86972      143.500      27.0000      17.1000
      144.000      126.400      6770.26       2      81.3458      267.248
     -14.7532      3.34043      5.42153      0.00000      0.00000
       7     600      2.63833      120.100      35.6000     -68.4000
      121.200      171.500      2261.84       3      43.5904      210.476
      18.2279      6.79867      6.41166      0.00000      0.00000
       9     900      2.85361      124.200      33.6000     -65.6000
      123.400      170.300      2607.18       3      43.5904      210.476
      18.2477      6.41658      6.24299      0.00000      0.00000
      11     600      3.08722      128.900      31.5000     -62.4000
      125.700      168.600      3002.54       3      43.5904      210.476
      18.2698      5.91380      5.66201      0.00000      0.00000
      13     300      3.28722      133.400      29.9000     -59.6000
      127.600      167.000      3355.18       2      43.5904      210.476
      18.2891      5.24454      6.03968      0.00000      0.00000
      15     300      3.48806      138.300      28.3000     -56.6000
      129.400      165.100      3719.71       2      43.5904      210.476
      18.3088      5.09782      5.64448      0.00000      0.00000
      17     300      3.74028      145.100      26.6000     -52.6000
      131.700      162.200      4188.25       2      43.5904      210.476
      18.3340      4.82483      5.64969      0.00000      0.00000
      19     300      3.93833      150.900      25.5000     -49.3000
      133.400      159.700      4561.36       2      43.5904      210.476
      18.3541      4.47326      6.08917      0.00000      0.00000
      21     300      4.19083      158.900      24.3000     -44.9000
      135.400      156.100      5039.31       2      43.5904      210.476
      18.3799      3.82987      5.16778      0.00000      0.00000
      28     300      5.37083     -159.700      24.2000     -20.2000
      142.400      139.500      7163.67       2      43.5904      210.476
      18.5021      3.16894      4.91328      0.00000      0.00000
      30     600      5.58806     -152.700      25.2000     -15.0000
      143.100      137.700      7510.89       2      43.5904      210.476
      18.5244      3.15991      5.24203      0.00000      0.00000
      32     600      5.87083     -144.400      26.8000     -8.00000
      143.700      136.400      7932.02       2      43.5904      210.476
      18.5530      3.07315      4.80063      0.00000      0.00000
      34     600      6.17083     -136.500      28.9000    -0.500000
      144.000      136.000      8335.24       2      43.5904      210.476
      18.5829      3.17203      5.55956      0.00000      0.00000
      36     600      6.47056     -129.500      31.3000      7.10000
      143.800      136.600      8687.66       3      43.5904      210.476
      18.6120      2.99121      5.28628      0.00000      0.00000
      39     600      6.95000      151.500      25.4000      18.8000
      142.600      132.700      6664.44       2      81.3458      267.248
     -13.3409      3.43439      5.55671      0.00000      0.00000
      41     600      7.23861      160.800      24.1000      25.5000
      141.400      135.300      6210.96       2      81.3458      267.248
     -13.3114      3.53885      5.89551      0.00000      0.00000
      43     600      7.53972      171.200      23.3000      32.1000
      139.800      139.100      5714.67       2      81.3458      267.248
     -13.2805      3.82393      5.93467      0.00000      0.00000
      45     600      7.83806     -178.100      23.1000      38.2000
      137.900      143.700      5206.29       2      81.3458      267.248
     -13.2496      4.17033      6.31318      0.00000      0.00000
      47     900      8.05472     -170.300      23.3000      42.4000
      136.300      147.300      4830.68       2      81.3458      267.248
     -13.2272      4.40966      6.51212      0.00000      0.00000
      49     900      8.28750     -162.200      23.9000      46.6000
      134.600      151.100      4424.71       2      81.3458      267.248
     -13.2033      4.65220      6.33200      0.00000      0.00000
      52     900      8.60417     -152.000      25.3000      52.0000
      131.900      156.000      3874.71       2      81.3458      267.248
     -13.1709      5.17195      6.49507      0.00000      0.00000
      54     900      8.80444     -146.000      26.4000      55.2000
      130.200      158.800      3531.94       2      81.3458      267.248
     -13.1507      5.53526      5.64616      0.00000      0.00000
      56     900      9.02083     -140.100      27.8000      58.5000
      128.200      161.400      3169.21       2      81.3458      267.248
     -13.1291      5.83589      6.32159      0.00000      0.00000
      58     900      9.22083     -135.100      29.3000      61.3000
      126.300      163.600      2843.48       2      81.3458      267.248
     -13.1095      6.24974      6.35937      0.00000      0.00000
      60     600      9.43750     -130.100      31.1000      64.3000
      124.200      165.600      2503.64       3      81.3458      267.248
     -13.0885      6.91362      6.57696      0.00000      0.00000
      62     600      9.70417     -124.500      33.4000      67.8000
      121.500      167.600      2107.99       3      81.3458      267.248
     -13.0634      7.65219      6.55724      0.00000      0.00000
      64     600      9.92250     -120.400      35.4000      70.6000
      119.300      169.000      1805.80       3      81.3458      267.248
     -13.0433      8.57539      6.49264      0.00000      0.00000
      66     600      10.1378     -116.700      37.5000      73.1000
      117.000      170.200      1529.51       3      81.3458      267.248
     -13.0241      9.50926      6.74783      0.00000      0.00000
      68     600      10.4044     -158.200      24.4000      76.2000
      114.200      125.600      820.917       2      66.3649      20.6804
     -30.8740      11.2797      6.40323      0.00000      0.00000
      70     600      10.5375     -153.900      25.0000      77.8000
      112.800      128.400      737.545       2      66.3649      20.6804
     -30.8613      11.4844      6.71077      0.00000      0.00000
      72     600      10.6711     -149.800      25.7000      79.2000
      111.300      131.000      658.560       2      66.3649      20.6804
     -30.8486      11.8543      6.47353      0.00000      0.00000
      74     600      10.7878     -146.400      26.4000      80.5000
      110.100      133.100      593.634       2      66.3649      20.6804
     -30.8376      12.3396      6.47297      0.00000      0.00000
      76     600      10.9211     -142.600      27.2000      82.0000
      108.600      135.400      524.206       2      66.3649      20.6804
     -30.8251      12.8281      6.40775      0.00000      0.00000
      78     600      11.0375     -139.500      28.0000      83.2000
      107.400      137.300      467.873       2      66.3649      20.6804
     -30.8144      13.4252      6.49634      0.00000      0.00000
      80     300      11.1886     -135.700      29.1000      84.8000
      105.700      139.500      400.805       2      66.3649      20.6804
     -30.8005      14.4330      6.20463      0.00000      0.00000
      82     300      11.3211     -132.600      30.2000      86.2000
      104.300      141.200      347.723       3      66.3649      20.6804
     -30.7885      14.9535      6.75787      0.00000      0.00000
      10     600      2.13861      159.200      24.3000     -74.1000
      115.800      126.700      954.079       2      17.2181      198.836
      35.0780      8.52866      6.52876      0.00000      0.00000
      12     900      2.25694      163.200      23.8000     -72.7000
      117.000      124.100      1039.06       2      17.2181      198.836
      35.0895      8.49043      6.40371      0.00000      0.00000
      13     300      2.47194      170.700      23.3000     -70.1000
      119.300      119.200      1201.55       2      17.2181      198.836
      35.1104      7.70107      6.38675      0.00000      0.00000
      17     300      2.82389      124.900      33.3000     -65.6000
      122.800      169.500      2441.91       3      43.5904      210.476
      18.7271      6.34099      6.27782      0.00000      0.00000
      19     300      3.08833      130.400      31.0000     -62.0000
      125.400      167.600      2868.00       3      43.5904      210.476
      18.7522      5.84293      5.80089      0.00000      0.00000
      21     300      3.43889      138.800      28.2000     -57.0000
      128.700      164.300      3465.16       2      43.5904      210.476
      18.7864      5.07678      5.39370      0.00000      0.00000
      23     300      3.63917      144.100      26.8000     -53.9000
      130.500      162.000      3818.23       2      43.5904      210.476
      18.8064      4.83208      5.57751      0.00000      0.00000
      26     300      3.93972      153.000      25.1000     -49.0000
      133.100      158.000      4357.60       2      43.5904      210.476
      18.8368      4.36960      5.72936      0.00000      0.00000
      28     300      4.13861      159.400      24.2000     -45.5000
      134.700      155.100      4717.15       2      43.5904      210.476
      18.8572      4.21281      5.51544      0.00000      0.00000
      30     600      4.35528      166.800      23.5000     -41.5000
      136.300      151.700      5107.89       2      43.5904      210.476
      18.8795      3.99892      5.49299      0.00000      0.00000
      32     600      4.55500      173.800      23.2000     -37.7000
      137.700      148.500      5464.62       2      43.5904      210.476
      18.9002      3.78327      5.21334      0.00000      0.00000
      34     600      4.75528     -179.000      23.1000     -33.6000
      139.000      145.400      5816.58       2      43.5904      210.476
      18.9209      3.56168      5.84496      0.00000      0.00000
      36     600      4.95667     -171.800      23.3000     -29.3000
      140.100      142.400      6162.35       2      43.5904      210.476
      18.9418      3.40092      5.41778      0.00000      0.00000
      39     600      5.43889     -155.400      24.8000     -18.4000
      142.300      137.000      6943.92       2      43.5904      210.476
      18.9915      3.25129      5.21799      0.00000      0.00000
      41     600      5.73944     -146.300      26.4000     -11.1000
      143.100      135.100      7388.11       2      43.5904      210.476
      19.0220      3.18625      5.36988      0.00000      0.00000
      43     600      6.02306     -138.600      28.3000     -4.10000
      143.500      134.500      7770.08       2      43.5904      210.476
      19.0504      3.14488      5.29193      0.00000      0.00000
      45     600      6.30611     -131.700      30.5000      3.00000
      143.500      134.800      8110.34       3      43.5904      210.476
      19.0781      2.97550      4.75196      0.00000      0.00000
      48     600      6.72194     -123.100      34.1000      13.3000
      142.900      136.400      8526.94       3      43.5904      210.476
      19.1174      2.94817      4.74559      0.00000      0.00000
      50     600      7.02194     -117.700      36.9000      20.5000
      141.900      138.100      8759.98       3      43.5904      210.476
      19.1446      3.19428      4.84833      0.00000      0.00000
      52     900      7.32250     -112.800      39.9000      27.3000
      140.600      140.100      8932.38       3      43.5904      210.476
      19.1708      3.27824      5.05562      0.00000      0.00000
      54     900      7.67500      178.400      23.1000      34.8000
      138.600      143.600      5479.27       2      81.3458      267.248
     -12.7926      3.83432      5.63061      0.00000      0.00000
      56     900      7.97222     -170.900      23.3000      40.7000
      136.600      148.400      4967.16       2      81.3458      267.248
     -12.7618      4.19003      5.46683      0.00000      0.00000
      59     900      8.39278     -156.600      24.6000      48.2000
      133.400      155.200      4232.60       2      81.3458      267.248
     -12.7186      4.65906      6.16743      0.00000      0.00000
      61     900      8.70611     -147.000      26.2000      53.4000
      130.700      159.600      3689.20       2      81.3458      267.248
     -12.6868      5.18770      5.91613      0.00000      0.00000
      63     900      9.00556     -138.800      28.2000      58.0000
      128.000      163.200      3182.38       2      81.3458      267.248
     -12.6569      5.81900      6.04948      0.00000      0.00000
      65     900      9.22250     -133.500      29.9000      61.1000
      125.900      165.400      2827.45       2      81.3458      267.248
     -12.6356      5.98962      6.22849      0.00000      0.00000
      67     900      9.43889     -128.600      31.7000      64.1000
      123.800      167.300      2487.03       3      81.3458      267.248
     -12.6148      6.83057      6.30330      0.00000      0.00000
      70     900      9.75583     -122.300      34.5000      68.2000
      120.600      169.500      2018.88       3      81.3458      267.248
     -12.5852      7.73197      6.43222      0.00000      0.00000
      72     900      9.98861     -118.100      36.7000      71.1000
      118.300      170.800      1702.32       3      81.3458      267.248
     -12.5642      8.45835      6.14811      0.00000      0.00000
      74     900      10.2222     -92.6000      17.2000      73.9000
      115.800      166.500      963.474       2      74.8497      93.5352
     -17.4730      10.3811      6.59447      0.00000      0.00000
      76     600      10.4558     -90.0000      19.7000      76.6000
      113.300      166.600      803.099       2      74.8497      93.5352
     -17.4550      11.3257      6.35682      0.00000      0.00000
      78     600      10.5722     -88.9000      21.0000      77.9000
      112.100      166.700      728.648       2      74.8497      93.5352
     -17.4462      11.3139      6.35050      0.00000      0.00000
      79     600      10.6719     -87.9000      22.1000      79.0000
      111.000      166.900      667.929       2      74.8497      93.5352
     -17.4387      12.0056      6.21720      0.00000      0.00000
      80     600      10.7725     -87.0000      23.2000      80.1000
      109.900      167.100      609.677       2      74.8497      93.5352
     -17.4313      12.9593      6.39654      0.00000      0.00000
      81     600      10.8889     -86.0000      24.5000      81.4000
      108.700      167.300      546.098       2      74.8497      93.5352
     -17.4228      13.1520      6.76997      0.00000      0.00000
      82     600      11.0056     -85.0000      25.8000      82.6000
      107.400      167.600      486.614       2      74.8497      93.5352
     -17.4145      13.5640      6.56602      0.00000      0.00000
      83     300      11.1083     -84.2000      26.9000      83.7000
      106.300      167.900      437.806       2      74.8497      93.5352
     -17.4072      14.4087      6.74562      0.00000      0.00000
      84     300      11.2061     -83.4000      28.0000      84.7000
      105.200      168.100      394.539       2      74.8497      93.5352
     -17.4004      15.0017      6.75569      0.00000      0.00000
      85     300      11.3056     -82.6000      29.0000      85.8000
      104.200      168.400      353.726       2      74.8497      93.5352
     -17.3936      15.1606      6.32546      0.00000      0.00000
      86     300      11.4044     -81.8000      30.1000      86.8000
      103.100      168.600      316.344       3      74.8497      93.5352
     -17.3870      15.5729      6.65173      0.00000      0.00000
       4     600      1.58944      144.400      26.8000     -80.0000
      109.700      135.600      590.344       2      17.2181      198.836
      35.3527      9.84560      6.41452      0.00000      0.00000
       6     600      1.80639      150.700      25.5000     -77.6000
      112.000      131.700      714.192       2      17.2181      198.836
      35.3732      9.19702      6.44587      0.00000      0.00000
       8     600      2.02361      157.600      24.5000     -75.1000
      114.300      127.300      851.006       2      17.2181      198.836
      35.3940      8.85189      6.18882      0.00000      0.00000
      10     600      2.30667      94.5000      15.5000     -71.8000
      117.300      166.200      1082.79       2      35.2642      181.447
      23.7683      8.02502      6.48699      0.00000      0.00000
      12     600      2.57389      98.5000      12.6000     -68.5000
      120.100      167.000      1290.38       1      35.2642      181.447
      23.7896      7.52928      6.25107      0.00000      0.00000
      14     600      2.77306      102.500      10.5000     -65.9000
      122.100      168.500      1453.12       1      35.2642      181.447
      23.8057      7.20620      6.24348      0.00000      0.00000
      17     600      3.29000      94.3000      15.7000     -58.8000
      127.100      153.100      2192.33       2      46.7231      182.306
      16.4510      6.05797      6.00040      0.00000      0.00000
      19     600      3.50639      97.4000      13.3000     -55.6000
      129.100      153.000      2415.82       1      46.7231      182.306
      16.4687      5.73222      5.95700      0.00000      0.00000
      21     600      3.72333      101.500      11.0000     -52.2000
      131.000      153.700      2638.80       1      46.7231      182.306
      16.4866      5.51595      6.16859      0.00000      0.00000
      23     600      3.93889      107.100      8.70000     -48.6000
      132.800      155.700      2856.82       1      46.7231      182.306
      16.5047      5.15437      5.78552      0.00000      0.00000
      25     600      4.14056      115.000      6.60000     -45.1000
      134.400      160.200      3055.49       1      46.7231      182.306
      16.5217      4.92218      5.98640      0.00000      0.00000
      27     600      4.36083      130.800      4.60000     -41.1000
      136.100      171.800      3264.39       1      46.7231      182.306
      16.5404      4.75251      5.88700      0.00000      0.00000
      30     600      4.84278     -145.600      3.70000     -31.5000
      139.200      114.100      3681.18       1      46.7231      182.306
      16.5815      4.19457      6.29301      0.00000      0.00000
      32     600      5.07861     -121.100      5.60000     -26.4000
      140.400      94.8000      3859.87       1      46.7231      182.306
      16.6016      4.09223      5.59600      0.00000      0.00000
      34     600      5.30667     -109.700      7.90000     -21.2000
      141.400      88.5000      4014.00       1      46.7231      182.306
      16.6209      3.95310      6.07953      0.00000      0.00000
      36     600      5.52222     -103.300      10.2000     -16.2000
      142.200      87.1000      4141.15       1      46.7231      182.306
      16.6390      4.05479      5.63017      0.00000      0.00000
      38     600      5.74056     -98.7000      12.5000     -10.9000
      142.700      87.8000      4250.17       1      46.7231      182.306
      16.6571      3.90248      5.66359      0.00000      0.00000
      40     600      5.95500     -95.3000      14.8000     -5.60000
      143.100      89.7000      4336.71       1      46.7231      182.306
      16.6747      3.89982      5.85555      0.00000      0.00000
      43     600      6.37083     -107.400      8.60000      4.70000
      143.100      112.100      4780.74       1      58.1150      179.995
      8.27980      3.90262      5.44326      0.00000      0.00000
      45     600      6.59000     -101.600      10.9000      10.1000
      142.800      111.700      4765.56       1      58.1150      179.995
      8.29840      3.97395      5.92302      0.00000      0.00000
      47     600      6.80667     -97.6000      13.3000      15.3000
      142.300      112.900      4723.49       1      58.1150      179.995
      8.31657      3.83679      5.36699      0.00000      0.00000
      49     600      7.06083      91.6000      18.1000      21.3000
      141.400      70.3000      3477.06       2      74.8497      93.5352
     -17.3724      4.70867      6.62044      0.00000      0.00000
      51     600      7.29028      94.4000      15.6000      26.5000
      140.400      68.0000      3333.78       2      74.8497      93.5352
     -17.3544      4.75126      6.20573      0.00000      0.00000
      53     600      7.50667      97.6000      13.2000      31.1000
      139.200      66.5000      3185.56       1      74.8497      93.5352
     -17.3372      4.95391      6.53713      0.00000      0.00000
      56     600      7.89028      105.900      9.10000      38.9000
      136.800      67.0000      2896.17       1      74.8497      93.5352
     -17.3061      5.16270      6.08795      0.00000      0.00000
      58     600      8.10722      114.000      6.80000      43.0000
      135.200      71.0000      2720.24       1      74.8497      93.5352
     -17.2883      5.41228      6.15696      0.00000      0.00000
      60     600      8.34000      129.800      4.70000      47.1000
      133.400      82.7000      2524.08       1      74.8497      93.5352
     -17.2691      5.77136      5.68912      0.00000      0.00000
      63     600      9.06222     -121.500      5.60000      58.6000
      127.100      179.900      1891.38       1      74.8497      93.5352
     -17.2091      7.00242      6.53468      0.00000      0.00000
      65     600      9.27778     -110.400      7.70000      61.6000
      125.100      172.000      1703.02       1      74.8497      93.5352
     -17.1913      7.34355      5.98647      0.00000      0.00000
      69     600      9.67278     -99.8000      11.9000      66.9000
      121.200      166.700      1368.83       1      74.8497      93.5352
     -17.1590      8.49992      6.35634      0.00000      0.00000
      21     300      2.40056      138.500      39.8000     -70.3000
      118.000      151.200      1655.32       3      33.0560      218.708
      25.1197      6.79602      5.85766      0.00000      0.00000
      23     300      2.51750      140.900      39.0000     -68.8000
      119.200      150.200      1806.37       3      33.0560      218.708
      25.1312      6.86324      5.78714      0.00000      0.00000
      26     300      2.83667      47.0000      33.1000     -64.7000
      122.500      111.700      1529.23       3      53.4891      148.482
      3.95892      8.15121      6.02778      0.00000      0.00000
      28     300      3.03361      46.7000      31.5000     -62.1000
      124.400      108.800      1689.41       3      53.4891      148.482
      3.96805      7.32796      6.00737      0.00000      0.00000
      30     300      3.23361      46.2000      29.9000     -59.3000
      126.300      105.500      1852.01       2      53.4891      148.482
      3.97767      6.93664      6.16981      0.00000      0.00000
      32     300      3.42028      45.6000      28.5000     -56.5000
      128.000      102.100      2002.11       2      53.4891      148.482
      3.98696      6.68696      5.78759      0.00000      0.00000
      34     300      3.61694      44.7000      26.9000     -53.5000
      129.800      98.2000      2156.94       2      53.4891      148.482
      3.99705      6.37531      6.14060      0.00000      0.00000
      36     300      3.80167      43.6000      25.5000     -50.6000
      131.400      94.2000      2297.86       2      53.4891      148.482
      4.00679      6.11123      5.81341      0.00000      0.00000
      39     300      4.11694      41.2000      23.2000     -45.2000
      133.900      86.4000      2524.83       2      53.4891      148.482
      4.02395      5.76202      5.89400      0.00000      0.00000
      41     600      4.30056      39.4000      21.9000     -41.9000
      135.300      81.3000      2647.29       2      53.4891      148.482
      4.03422      5.86619      6.62383      0.00000      0.00000
      43     600      4.48556      37.2000      20.6000     -38.4000
      136.600      75.6000      2762.19       2      53.4891      148.482
      4.04477      5.42399      5.55838      0.00000      0.00000
      45     600      4.68361      34.4000      19.4000     -34.5000
      137.900      68.8000      2874.74       2      53.4891      148.482
      4.05625      5.29851      6.02060      0.00000      0.00000
      47     600      4.88500      31.0000      18.2000     -30.3000
      139.100      61.2000      2977.09       2      53.4891      148.482
      4.06809      5.29102      6.15319      0.00000      0.00000
      49     600      5.10194      26.6000      17.0000     -25.6000
      140.200      52.2000      3072.68       2      53.4891      148.482
      4.08102      5.16523      6.03027      0.00000      0.00000
      52     600      5.43389      2.80000      7.20000     -18.0000
      141.500      20.8000      3556.36       1      53.4985      163.494
      8.60625      4.51547      5.71187      0.00000      0.00000
      54     600      5.65111     -13.6000      7.40000     -12.9000
      142.200     0.800000      3627.90       1      53.4985      163.494
      8.62200      4.51559      6.05396      0.00000      0.00000
      56     600      5.86694     -27.6000      8.20000     -7.70000
      142.600      20.0000      3679.41       1      53.4985      163.494
      8.63761      4.45114      5.57127      0.00000      0.00000
      58     600      6.11694      139.200      33.9000     -1.50000
      142.800      140.800      9345.29       3      76.8859      279.501
     -12.5299      2.92737      5.01820      0.00000      0.00000
      60     600      6.41694      146.400      31.9000      5.90000
      142.700      140.500      8827.97       3      76.8859      279.501
     -12.4995      3.09688      5.49290      0.00000      0.00000
      62     600      6.70056      153.800      30.3000      12.8000
      142.200      141.000      8304.37       3      76.8859      279.501
     -12.4703      3.06742      5.54031      0.00000      0.00000
      65     600      7.08417      164.700      28.8000      21.8000
      140.900      142.900      7552.52       2      76.8859      279.501
     -12.4300      3.41392      5.34175      0.00000      0.00000
      67     600      7.38500      173.800      28.2000      28.4000
      139.500      145.300      6936.31       2      76.8859      279.501
     -12.3981      3.57061      5.79877      0.00000      0.00000
      69     600      7.66722     -177.600      28.1000      34.3000
      137.900      148.100      6344.17       2      76.8859      279.501
     -12.3681      3.67151      5.42838      0.00000      0.00000
      71     900      7.93583     -169.300      28.4000      39.6000
      136.100      151.100      5774.00       2      76.8859      279.501
     -12.3396      3.84553      5.81351      0.00000      0.00000
      74     900      8.31750     -158.200      29.6000      46.5000
      133.300      155.300      4964.42       2      76.8859      279.501
     -12.2993      4.22530      6.61755      0.00000      0.00000
      76     900      8.51750     -152.600      30.5000      49.9000
      131.600      157.500      4545.59       3      76.8859      279.501
     -12.2785      4.75468      6.47676      0.00000      0.00000
      78     900      8.72111     -147.300      31.6000      53.2000
      129.900      159.500      4126.43       3      76.8859      279.501
     -12.2574      4.77821      5.98623      0.00000      0.00000
      80     900      8.92333     -142.400      32.9000      56.3000
      128.100      161.300      3720.03       3      76.8859      279.501
     -12.2368      5.43410      5.58006      0.00000      0.00000
      82     900      9.13389     -137.600      34.4000      59.4000
      126.100      163.100      3310.23       3      76.8859      279.501
     -12.2157      5.75780      6.17551      0.00000      0.00000
      84     900      9.33639     -133.200      36.0000      62.2000
      124.200      164.600      2931.68       3      76.8859      279.501
     -12.1958      6.29548      6.08019      0.00000      0.00000
      87     600      9.75250     -159.900      29.4000      67.7000
      120.000      132.500      1418.07       2      69.9672      359.136
     -26.9204      8.69381      6.06514      0.00000      0.00000
      89     600      9.95083     -154.300      30.2000      70.1000
      118.000      135.500      1237.74       3      69.9672      359.136
     -26.9005      9.45301      6.33431      0.00000      0.00000
      91     600      10.1506     -149.000      31.3000      72.5000
      115.900      138.400      1067.63       3      69.9672      359.136
     -26.8807      9.96757      6.28432      0.00000      0.00000
      92     600      10.2506     -146.500      31.8000      73.7000
      114.900      139.800      987.110       3      69.9672      359.136
     -26.8709      10.3832      6.58046      0.00000      0.00000
      93     600      10.3506     -144.000      32.5000      74.9000
      113.800      141.100      909.849       3      69.9672      359.136
     -26.8611      10.8904      6.36294      0.00000      0.00000
      94     600      10.4511     -141.600      33.1000      76.0000
      112.800      142.400      835.551       3      69.9672      359.136
     -26.8514      11.4094      6.00295      0.00000      0.00000
      95     600      10.5506     -139.300      33.8000      77.1000
      111.700      143.500      765.510       3      69.9672      359.136
     -26.8418      11.4370      6.17332      0.00000      0.00000
      96     300      10.7006     -136.000      34.9000      78.8000
      110.100      145.200      666.499       3      69.9672      359.136
     -26.8275      12.8018      6.68725      0.00000      0.00000
      97     300      10.8061     -133.800      35.8000      80.0000
      109.000      146.300      601.709       3      69.9672      359.136
     -26.8176      12.8697      6.28566      0.00000      0.00000
      98     300      10.9022     -131.800      36.5000      81.0000
      107.900      147.200      546.282       3      69.9672      359.136
     -26.8087      13.8273      6.57448      0.00000      0.00000
     100     300      11.0172     -129.500      37.5000      82.2000
      106.700      148.200      484.467       3      69.9672      359.136
     -26.7982      13.8960      6.06678      0.00000      0.00000
     101     300      11.1197     -127.600      38.4000      83.3000
      105.600      149.100      433.528       3      69.9672      359.136
     -26.7889      15.0079      6.44278      0.00000      0.00000
     102     300      11.2197     -125.700      39.2000      84.4000
      104.500      149.900      387.607       3      69.9672      359.136
     -26.7799      15.2632      6.41988      0.00000      0.00000
     103     300      11.3172     -124.000      40.1000      85.4000
      103.400      150.600      346.410       3      69.9672      359.136
     -26.7713      15.6988      6.32379      0.00000      0.00000
       8     900     0.886667      130.200      31.0000     -86.8000
      101.700      143.100      268.928       3      17.2181      198.836
      35.9192      10.9737      6.79356      0.00000      0.00000
      10     600      1.00111      132.800      30.1000     -85.6000
      102.900      141.700      306.104       3      17.2181      198.836
      35.9294      11.1323      6.41823      0.00000      0.00000
      12     300      1.18472      94.5000      15.5000     -83.7000
      104.900      178.200      358.030       2      24.0337      178.715
      30.0997      10.2522      6.11496      0.00000      0.00000
      14     300      1.31833      96.4000      14.0000     -82.2000
      106.400      178.700      409.838       1      24.0337      178.715
      30.1098      9.91309      6.50978      0.00000      0.00000
      16     300      1.48500      87.1000      23.1000     -80.4000
      108.100      167.500      521.100       2      35.2642      181.447
      24.4089      10.1118      6.81145      0.00000      0.00000
      18     300      1.63778      88.5000      21.4000     -78.8000
      109.800      167.200      601.455       2      35.2642      181.447
      24.4202      9.71998      6.77783      0.00000      0.00000
      20     300      1.73556      89.4000      20.4000     -77.7000
      110.800      167.100      656.396       2      35.2642      181.447
      24.4275      9.51700      6.58188      0.00000      0.00000
      22     300      1.85139      90.6000      19.1000     -76.4000
      112.100      167.000      724.894       2      35.2642      181.447
      24.4363      9.44553      6.35325      0.00000      0.00000
      26     300      2.41917      60.8000      31.1000     -69.7000
      118.000      130.500      1232.82       3      53.4985      163.494
      8.77611      8.29982      6.37458      0.00000      0.00000
      28     300      2.61806      61.0000      29.2000     -67.2000
      120.000      128.300      1399.55       2      53.4985      163.494
      8.78739      7.74831      6.19685      0.00000      0.00000
      30     300      2.81889      61.1000      27.3000     -64.6000
      122.000      125.700      1573.25       2      53.4985      163.494
      8.79919      7.52262      6.24800      0.00000      0.00000
      32     300      3.01972      61.0000      25.4000     -61.9000
      124.000      122.900      1750.33       2      53.4985      163.494
      8.81137      6.89096      6.29979      0.00000      0.00000
      35     300      3.40139      60.2000      21.7000     -56.5000
      127.600      116.700      2089.07       2      53.4985      163.494
      8.83547      6.11011      6.78656      0.00000      0.00000
      37     300      3.58972      59.4000      19.9000     -53.6000
      129.300      113.000      2253.95       2      53.4985      163.494
      8.84778      5.97671      6.23618      0.00000      0.00000
      39     300      3.78528      58.2000      18.1000     -50.5000
      130.900      108.700      2421.34       2      53.4985      163.494
      8.86081      5.71732      5.90753      0.00000      0.00000
      42     600      4.10111      55.1000      15.2000     -45.1000
      133.500      100.200      2679.35       2      53.4985      163.494
      8.88235      5.50420      5.73341      0.00000      0.00000
      44     600      4.30250      52.0000      13.4000     -41.5000
      135.000      93.4000      2833.40       1      53.4985      163.494
      8.89636      5.01224      5.73489      0.00000      0.00000
      47     600      4.66806      33.6000      19.0000     -34.4000
      137.500      68.0000      2808.94       2      53.4891      148.482
      4.38160      5.10101      6.08253      0.00000      0.00000
      49     600      4.86861      30.0000      17.9000     -30.3000
      138.600      60.4000      2910.55       2      53.4891      148.482
      4.39341      5.27417      6.10816      0.00000      0.00000
      51     600      5.06889      25.9000      16.9000     -26.0000
      139.700      51.9000      2999.36       2      53.4891      148.482
      4.40535      5.07666      5.94536      0.00000      0.00000
      55     600      5.65222      141.500      33.2000     -12.7000
      141.800      154.200      12552.2       3      72.9635      255.730
     -6.59176      2.54857      5.66799      0.00000      0.00000
      57     600      5.95306      148.900      31.3000     -5.40000
      142.300      154.300      12081.0       3      72.9635      255.730
     -6.56082      2.59672      5.28237      0.00000      0.00000
      59     600      6.23500      156.500      29.9000      1.50000
      142.400      155.000      11570.3       2      72.9635      255.730
     -6.53131      2.59450      4.80159      0.00000      0.00000
      60     600      6.54028      165.300      28.8000      8.90000
      142.100      156.400      10949.5       2      72.9635      255.730
     -6.49893      2.76255      5.59159      0.00000      0.00000
      63     600      6.93528      177.300      28.1000      18.3000
      141.100      159.000      10056.1       2      72.9635      255.730
     -6.45668      2.86946      5.08924      0.00000      0.00000
      65     600      7.21833     -174.000      28.2000      24.7000
      139.900      161.300      9364.31       2      72.9635      255.730
     -6.42632      3.04229      5.39869      0.00000      0.00000
      67     900      7.50306     -165.400      28.7000      30.8000
      138.500      163.800      8634.68       2      72.9635      255.730
     -6.39588      3.29440      5.80815      0.00000      0.00000
      69     900      7.78556     -157.200      29.7000      36.5000
      136.800      166.200      7886.40       2      72.9635      255.730
     -6.36591      3.23995      5.27711      0.00000      0.00000
      72     900      8.20167     -146.200      31.9000      44.3000
      133.800      169.500      6760.27       3      72.9635      255.730
     -6.32245      3.78025      5.55533      0.00000      0.00000
      74     900      8.48528     -139.500      33.8000      49.1000
      131.500      171.400      5990.89       3      72.9635      255.730
     -6.29349      4.14285      5.92013      0.00000      0.00000
      76     900      8.82194     -132.200      36.4000      54.5000
      128.600      173.300      5092.41       3      72.9635      255.730
     -6.26001      4.66316      5.83693      0.00000      0.00000
      78     900      9.14083     -126.100      39.1000      59.2000
      125.700      174.700      4271.88       3      72.9635      255.730
     -6.22936      5.15075      6.28820      0.00000      0.00000
      81     900      9.50083     -165.300      28.8000      64.2000
      122.200      130.500      1648.44       2      69.9674      359.137
     -26.5603      7.66304      6.33210      0.00000      0.00000
      83     900      9.70083     -159.500      29.4000      66.8000
      120.200      133.800      1453.09       2      69.9674      359.137
     -26.5401      8.09017      5.92574      0.00000      0.00000
      85     900      9.90194     -153.900      30.3000      69.3000
      118.200      136.800      1267.13       3      69.9674      359.137
     -26.5199      8.88041      6.59161      0.00000      0.00000
      87     900      10.1017     -148.600      31.3000      71.7000
      116.100      139.700      1094.03       3      69.9674      359.137
     -26.5001      9.45912      6.34620      0.00000      0.00000
      89     900      10.3017     -143.600      32.6000      74.0000
      114.000      142.300      933.305       3      69.9674      359.137
     -26.4804      10.2087      6.25401      0.00000      0.00000
      91     600      10.5672     -137.500      34.4000      77.1000
      111.200      145.400      740.909       3      69.9674      359.137
     -26.4549      10.7729      6.22958      0.00000      0.00000
      92     600      10.6828     -135.000      35.3000      78.4000
      110.000      146.700      665.049       3      69.9674      359.137
     -26.4439      11.0219      6.27651      0.00000      0.00000
      93     600      10.7844     -132.900      36.1000      79.5000
      108.900      147.700      602.365       3      69.9674      359.137
     -26.4344      11.6327      6.36345      0.00000      0.00000
      94     600      10.8861     -130.800      36.9000      80.6000
      107.800      148.600      543.532       3      69.9674      359.137
     -26.4250      12.7159      6.60484      0.00000      0.00000
      95     600      11.0336     -128.000      38.2000      82.2000
      106.200      149.900      465.081       3      69.9674      359.137
     -26.4115      13.0694      6.59240      0.00000      0.00000
