600           221.998      9.51473      2.01667       2      45.9484
      8.70957      4.64367      53.0010      15.2511   -0.0197002
600           680.133      8.25376      3.83389       2      45.7757
      8.84717      5.96579      53.0010      15.3388   -0.0111713
600           729.062      8.17808      4.03167       2      45.8377
      8.79560      8.26142      53.0010      15.3477   -0.0122685
600           798.130      7.83951      4.33389       2      45.7820
      8.39033      7.53266      53.0010      15.3610   -0.0144074
600           846.150      8.06865      4.57000       2      45.7939
      8.35147      10.7703      53.0010      15.3709  -0.00999978
600           3407.99      4.94572      4.81139       4      45.8231
      7.60977      4.13244      48.9026     -13.5625 -0.000950869
900           3479.24      4.99862      5.01250       4      45.9466
      7.74278      7.09007      48.9026     -13.5418   0.00127474
900           3535.07      4.88537      5.28361       4      46.0825
      7.81801      8.31536      48.9026     -13.5134  7.87484e-05
900           3543.68      4.83565      5.57111       3      45.8888
      7.97732      4.85048      48.9026     -13.4828 -0.000313204
900           3505.05      4.74537      5.84167       3      45.8680
      8.02664      2.95514      48.9026     -13.4536  -0.00165117
900           3382.07      4.85973      6.21194       3      45.6568
      8.14091      3.20011      48.9026     -13.4132 -0.000402771
600           258.958      9.64891      2.19667       1      46.0302
      8.88577      5.74875      53.0010      15.2600  -0.00992968
900           3249.94      5.10572      6.47333       3      45.8427
      8.04378      4.37552      48.9026     -13.3845  0.000240262
900           3071.82      5.18624      6.75222       3      45.6928
      8.08879      4.26123      48.9026     -13.3540   0.00141890
900           2874.12      5.58045      7.01389       3      45.7258
      8.03741      6.33660      48.9026     -13.3255  0.000421607
900           2559.16      5.84265      7.37778       4      45.7926
      8.19267      4.08833      48.9026     -13.2864   0.00107898
900           2281.47      6.37485      7.67000       4      45.6504
      8.26041      4.57294      48.9026     -13.2555   0.00111838
600           954.657      8.50330      7.96444       2      45.6928
      8.45489      3.11234      33.1457     -30.0283   0.00428214
600           877.226      8.86620      8.14778       2      45.7259
      8.54738      5.58724      33.1457     -30.0105   0.00236162
600           799.434      9.36137      8.33139       2      45.8093
      8.62484      7.71028      33.1457     -29.9926   0.00136054
600           726.300      9.62931      8.50528       2      45.5611
      8.87143      1.11652      33.1457     -29.9757  0.000439260
600           641.524      10.1618      8.71083       2      45.6527
      8.71681      4.82356      33.1457     -29.9557   0.00485579
600           305.583      9.57982      2.40306       1      46.0712
      8.58044      12.5126      53.0010      15.2701   -0.0131679
600           531.714      10.6889      8.98889       2      45.6838
      8.87119      3.33331      33.1457     -29.9288   0.00293793
600           350.875      9.38845      2.58944       2      46.0383
      8.81652      7.38621      53.0010      15.2793   -0.0128305
600           400.805      9.12449      2.78472       2      45.9525
      8.72075      6.65962      53.0010      15.2889   -0.0137949
600           469.212      8.91623      3.04222       2      45.8848
      8.81049      5.84940      53.0010      15.3014   -0.0111981
600           522.564      8.81884      3.23944       2      45.8780
      9.01925      5.29262      53.0010      15.3110  -0.00891556
600           572.368      8.68475      3.42361       2      45.7313
      9.01886      8.69796      53.0010      15.3197   -0.0132226
600           627.825      8.52849      3.63167       2      45.8618
      8.53818      9.52540      53.0010      15.3295   -0.0111365
600           221.998      9.51473      2.01667       2      45.9484
      8.70957      4.64367      53.0010      15.2511   -0.0197002
600           680.133      8.25376      3.83389       2      45.7757
      8.84717      5.96579      53.0010      15.3388   -0.0111713
600           729.062      8.17808      4.03167       2      45.8377
      8.79560      8.26142      53.0010      15.3477   -0.0122685
600           798.130      7.83951      4.33389       2      45.7820
      8.39033      7.53266      53.0010      15.3610   -0.0144074
600           846.150      8.06865      4.57000       2      45.7939
      8.35147      10.7703      53.0010      15.3709  -0.00999978
600           3407.99      4.94572      4.81139       4      45.8231
      7.60977      4.13244      48.9026     -13.5625 -0.000950869
900           3479.24      4.99862      5.01250       4      45.9466
      7.74278      7.09007      48.9026     -13.5418   0.00127474
900           3535.07      4.88537      5.28361       4      46.0825
      7.81801      8.31536      48.9026     -13.5134  7.87484e-05
900           3543.68      4.83565      5.57111       3      45.8888
      7.97732      4.85048      48.9026     -13.4828 -0.000313204
900           3505.05      4.74537      5.84167       3      45.8680
      8.02664      2.95514      48.9026     -13.4536  -0.00165117
900           3382.07      4.85973      6.21194       3      45.6568
      8.14091      3.20011      48.9026     -13.4132 -0.000402771
600           258.958      9.64891      2.19667       1      46.0302
      8.88577      5.74875      53.0010      15.2600  -0.00992968
900           3249.94      5.10572      6.47333       3      45.8427
      8.04378      4.37552      48.9026     -13.3845  0.000240262
900           3071.82      5.18624      6.75222       3      45.6928
      8.08879      4.26123      48.9026     -13.3540   0.00141890
900           2874.12      5.58045      7.01389       3      45.7258
      8.03741      6.33660      48.9026     -13.3255  0.000421607
900           2559.16      5.84265      7.37778       4      45.7926
      8.19267      4.08833      48.9026     -13.2864   0.00107898
900           2281.47      6.37485      7.67000       4      45.6504
      8.26041      4.57294      48.9026     -13.2555   0.00111838
600           954.657      8.50330      7.96444       2      45.6928
      8.45489      3.11234      33.1457     -30.0283   0.00428214
600           877.226      8.86620      8.14778       2      45.7259
      8.54738      5.58724      33.1457     -30.0105   0.00236162
600           799.434      9.36137      8.33139       2      45.8093
      8.62484      7.71028      33.1457     -29.9926   0.00136054
600           726.300      9.62931      8.50528       2      45.5611
      8.87143      1.11652      33.1457     -29.9757  0.000439260
600           641.524      10.1618      8.71083       2      45.6527
      8.71681      4.82356      33.1457     -29.9557   0.00485579
600           305.583      9.57982      2.40306       1      46.0712
      8.58044      12.5126      53.0010      15.2701   -0.0131679
600           531.714      10.6889      8.98889       2      45.6838
      8.87119      3.33331      33.1457     -29.9288   0.00293793
600           350.875      9.38845      2.58944       2      46.0383
      8.81652      7.38621      53.0010      15.2793   -0.0128305
600           400.805      9.12449      2.78472       2      45.9525
      8.72075      6.65962      53.0010      15.2889   -0.0137949
600           469.212      8.91623      3.04222       2      45.8848
      8.81049      5.84940      53.0010      15.3014   -0.0111981
600           522.564      8.81884      3.23944       2      45.8780
      9.01925      5.29262      53.0010      15.3110  -0.00891556
600           572.368      8.68475      3.42361       2      45.7313
      9.01886      8.69796      53.0010      15.3197   -0.0132226
600           627.825      8.52849      3.63167       2      45.8618
      8.53818      9.52540      53.0010      15.3295   -0.0111365
600           930.352      8.23329      7.08278       2      45.5128
      8.35686      10.3171      51.8686     -6.84400  -0.00437550
600           889.620      8.36076      7.61333       1      45.7100
      8.88545      5.70912      48.6986     -16.1231  -0.00159192
600           836.469      8.51787      7.79472       1      45.5275
      8.30501      8.25746      48.6986     -16.1099   0.00197199
600           767.504      8.91661      8.01806       1      45.2429
      9.23635      1.97362      48.6986     -16.0938  0.000780977
600           710.425      9.15221      8.19639       1      45.4229
      8.81781      5.90935      48.6986     -16.0811  0.000588142
600           632.425      9.78451      8.43528       1      45.2035
      9.28249     0.744939      48.6986     -16.0642 -3.04011e-05
600           559.548      8.66576      3.51306       2      45.6720
      8.99924      5.58443      53.0010      15.4373   -0.0116642
600           605.172      8.62000      3.69583       2      45.5133
      8.82059      5.24729      53.0010      15.4455  -0.00820643
600           868.204      7.92620      5.04667       3      45.6075
      8.88522      4.26775      53.0010      15.4999  -0.00929232
600           1011.32      7.33818      5.30778       2      45.5710
      9.22741      8.04473      51.8686     -6.93795  -0.00397359
600           986.925      7.88866      6.72889       2      45.6222
      9.54521      6.68119      51.8686     -6.86260  -0.00413386
600           960.673      8.13408      6.90722       2      45.5504
      8.94389      5.80434      51.8686     -6.85319  -0.00552189
