600           3320.86      3.56435      5.60500       1      48.8638
      7.62480      3.60311     -17.3348     -13.2307  0.000448552
600           2828.62      4.21197      7.46556       2      48.7465
      6.97264      12.6743     -17.3348     -13.0884   0.00507217
600           2712.61      4.42136      7.64500       2      48.8364
      7.21194      11.1859     -17.3348     -13.0757   0.00238991
600           1866.44      5.30248      8.01972       1      48.8356
      8.48284      2.87722     -12.5156     -18.7595    0.0127531
600           1751.92      5.19890      8.19667       1      49.1451
      6.71562      8.50307     -12.5156     -18.7463   0.00885407
600           1629.72      5.47244      8.38194       1      49.1920
      7.48287      11.0032     -12.5156     -18.7323   0.00828970
600           1510.27      5.82185      8.56111       1      48.8823
      7.93903      6.60071     -12.5156     -18.7188    0.0113629
600           1394.60      5.85048      8.73417       1      48.6823
      7.93308      2.35329     -12.5156     -18.7057   0.00837299
600           1280.80      6.25938      8.90528       1      48.7769
      7.67291      4.32744     -12.5156     -18.6928    0.0106315
600           1164.79      6.70822      9.08194       1      48.7004
      8.43076      5.47768     -12.5156     -18.6796   0.00562361
600           947.066      7.71744      9.42528       1      48.9735
      8.45614      5.42511     -12.5156     -18.6540   0.00693899
600           3336.74      3.57713      5.80194       1      49.2960
      7.49851      5.97653     -17.3348     -13.2151 -0.000761268
600           838.431      7.99113      9.60583       1      48.8371
      8.19321      5.31560     -12.5156     -18.6407   0.00820683
600           740.115      8.53168      9.77722       1      49.0129
      8.47824      8.71141     -12.5156     -18.6283   0.00894824
600           644.432      8.67500      9.95389       2      48.7362
      8.15696      3.29596     -12.5156     -18.6156   0.00812367
600           552.232      9.37125      10.1367       2      48.8227
      8.02049      5.30611     -12.5156     -18.6026   0.00800432
600           466.279      9.64777      10.3225       2      48.8784
      8.13696      3.83980     -12.5156     -18.5897   0.00688778
600           3336.85      3.41006      5.97889       1      49.0061
      6.77896      6.87355     -17.3348     -13.2012 -0.000979907
600           3324.07      3.65877      6.15111       1      48.8825
      7.34842      11.5985     -17.3348     -13.1876   0.00232407
600           3296.92      3.77442      6.33250       1      49.2175
      7.54465      13.9490     -17.3348     -13.1735   0.00241579
600           3257.58      3.98021      6.50750       1      48.9438
      8.16052      19.2852     -17.3348     -13.1599   0.00638993
600           3117.36      3.82476      6.91528       1      48.8812
      7.14141      8.57653     -17.3348     -13.1288   0.00364360
600           3024.78      4.00435      7.11556       2      48.4671
      8.27315      1.29284     -17.3348     -13.1138   0.00639298
600           2931.93      4.18417      7.29056       2      48.9599
      7.50976      14.6433     -17.3348     -13.1010   0.00467395
600           2993.81      4.12242      4.86917       1      49.4508
      7.86201      11.1732     -17.3348     -14.0375   0.00185813
600           3083.34      4.16846      6.62917       1      49.2798
      8.13661      7.20691     -17.3348     -13.8995   0.00209245
600           3024.38      4.30856      6.80194       1      49.3131
      7.88620      9.38881     -17.3348     -13.8862   0.00200954
600           2734.52      4.46703      7.40306       2      48.9493
      7.91704      2.28099     -17.3348     -13.8413   0.00324456
600           2627.11      4.76005      7.57917       2      49.0470
      8.26489      8.47423     -17.3348     -13.8286   0.00545050
600           2509.38      4.82661      7.75750       2      49.1012
      8.22448      6.90503     -17.3348     -13.8160   0.00380830
600           2387.00      5.16853      7.93111       2      49.2342
      8.03754      11.2162     -17.3348     -13.8040   0.00189605
600           2259.62      5.16520      8.10250       2      49.0916
      8.05379      6.28756     -17.3348     -13.7924  0.000575494
600           1406.06      6.31884      8.61611       1      48.8738
      8.48695      3.40543     -12.5156     -19.2817   0.00877474
600           1292.84      6.34494      8.79361       1      48.6476
      8.98435    -0.676818     -12.5156     -19.2684   0.00525151
600           1182.90      6.83345      8.96722       1      48.8651
      8.41592      2.58988     -12.5156     -19.2554   0.00460912
600           3064.81      4.32331      5.06306       1      49.7713
      7.03295      15.1039     -17.3348     -14.0224   0.00347746
600           1070.49      7.06535      9.14750       1      48.8885
      8.06324      8.06839     -12.5156     -19.2419   0.00821554
600           965.793      7.57498      9.31944       1      48.8049
      8.39953      7.20769     -12.5156     -19.2291   0.00555998
600           851.840      8.09495      9.51306       1      48.9609
      8.00129      7.92169     -12.5156     -19.2148   0.00913529
600           752.396      8.41473      9.68972       1      48.6031
      8.48971      2.81095     -12.5156     -19.2019   0.00649817
600           654.928      8.98790      9.87250       1      48.8256
      8.29757      7.72515     -12.5156     -19.1886   0.00554445
600           567.638      9.22594      10.0472       1      48.7051
      8.25678      5.53498     -12.5156     -19.1761   0.00764404
600           484.281      10.2726      10.2275       2      48.7072
      8.37948      7.49544     -12.5156     -19.1634   0.00865605
600           382.556      10.8418      10.4736       2      48.7202
      8.14318      4.09048     -12.5156     -19.1464  0.000788272
600           3116.44      4.17271      5.23778       1      49.5215
      7.46684      13.7454     -17.3348     -14.0087   0.00313557
600           3157.81      4.24721      5.42222       1      49.3838
      7.61673      11.0192     -17.3348     -13.9942   0.00415425
600           3184.16      4.19095      5.59583       1      49.4848
      8.53172      9.30813     -17.3348     -13.9805   0.00311040
600           3198.08      3.90238      5.76944       1      49.4566
      7.68079      14.8951     -17.3348     -13.9668  0.000574113
600           3190.20      4.06274      6.09750       1      49.5148
      7.20085      16.3703     -17.3348     -13.9409 -1.79502e-05
600           3167.91      3.86748      6.27139       1      49.2905
      7.68769      7.43711     -17.3348     -13.9273   0.00169136
600           3131.20      3.97335      6.45389       1      48.9894
      8.01471      4.10410     -17.3348     -13.9131   0.00408974
