600           2052.74      7.68283      2.80306       2      43.1043
      8.14651      29.7935      14.4642      13.7125   -0.0875565
600           2226.43      7.67317      3.01972       2      42.9591
      8.33719      25.5099      18.1782      10.2594   -0.0309400
600           2423.04      7.62231      3.20667       2      43.1415
      8.79452      22.7042      19.0208      9.93695   -0.0194416
600           2616.01      6.93255      3.38694       2      43.2485
      8.58477      18.5936      19.8518      9.59812   -0.0126285
600           2832.75      6.68302      3.58750       2      43.4103
      9.85602      8.67898      20.7955      9.19016   -0.0114685
600           3083.81      6.00689      3.82000       2      43.4043
      9.30239      4.11269      21.9120      8.67782   -0.0125381
600           3280.38      5.13512      4.00444       2      43.0866
      8.87514      4.21325      22.8125      8.24275   -0.0150036
600           3487.30      4.31076      4.20333       2      43.0398
      6.78395      7.37215      23.7995      7.74476   -0.0172744
600           280.989      12.2242     0.291111       2      43.5951
      8.08209      2.99360     -34.8146      37.1848   -0.0240292
600           1386.62      7.64928      2.65528       3      42.7270
      8.24434      1.50029     -34.8146      37.3800   -0.0187679
600           1502.50      7.41417      2.85611       3      42.6927
      8.34938      1.44578     -34.8146      37.3943   -0.0212857
600           1621.04      7.09703      3.06222       3      42.6589
      8.36259     0.422339     -34.8146      37.4085   -0.0167425
600           1732.97      6.82614      3.25889       3      42.8037
      7.63113      4.99162     -34.8146      37.4214   -0.0186443
600           1840.53      6.71717      3.45111       3      42.6384
      8.11130      1.77021     -34.8146      37.4335   -0.0188121
600           1973.60      6.80831      3.69556       4      42.6708
      8.08397      1.69925     -34.8146      37.4480   -0.0182106
600           2091.36      6.50097      3.92056       4      42.8089
      7.59380      3.74027     -34.8146      37.4605   -0.0176907
600           2187.61      6.44179      4.11278       4      42.6158
      7.61427      2.56346     -34.8146      37.4704   -0.0184559
600           2309.71      6.47517      4.37139       4      42.4742
      8.37147     0.449185     -34.8146      37.4827   -0.0190414
600           2466.76      6.35606      4.74000       4      42.4778
      8.09416     0.542071     -34.8146      37.4980   -0.0202712
600           344.817      11.9857     0.504444       2      43.6204
      8.28360      3.44823     -34.8146      37.2034   -0.0223258
600           2540.46      6.35983      4.93417       5      42.6537
      7.62345      7.49832     -34.8146      37.5050   -0.0206153
600           5172.76      3.82417      5.21583       3      42.8678
      8.64061      6.07897      53.4963     -9.18078   -0.0134579
900           5215.76      3.72344      5.45583       3      42.9363
      8.10314      7.73867      53.4963     -9.16933   -0.0111220
900           5229.23      3.55917      5.72722       2      42.9009
      7.70350      6.62616      53.4963     -9.15577   -0.0156274
900           5203.89      3.60050      6.01056       2      43.2834
      8.33129      7.29594      53.4963     -9.14096   -0.0170287
900           5125.76      3.50966      6.33750       2      42.8544
      8.36143      4.67415      53.4963     -9.12313   -0.0166762
600           425.531      11.2545     0.738611       2      43.4720
      8.08926      2.90638     -34.8146      37.2238   -0.0162473
600           509.353      11.0274     0.954722       2      43.4922
      8.34447      3.61976     -34.8146      37.2425   -0.0180308
600           594.561      10.4960      1.15528       2      43.5152
      7.92600      6.25965     -34.8146      37.2598   -0.0143952
600           815.285      9.53463      1.61889       2      42.6549
      8.35818      3.84308     -34.8146      37.2989   -0.0193625
600           951.106      9.00040      1.87917       2      42.9085
      8.00181      4.64271     -34.8146      37.3202   -0.0187714
600           1160.32      8.44848      2.25917       3      42.8819
      8.02421      7.19080     -34.8146      37.3503   -0.0183649
600           1272.35      8.01745      2.45639       3      42.7541
      8.06797      4.03917     -34.8146      37.3653   -0.0168394
600           287.291      12.9562     0.287500       2      43.2346
      7.75822      5.20930     -34.5633      37.1563   -0.0215720
900           54130.4      2.36535      3.98861       3      42.6718
      7.63881      14.5040      38.7017      3.97573   -0.0311733
900           52413.2      2.14816      4.34639       3      43.0586
      6.19873      20.6181      38.7017      4.00706   -0.0291608
900           50859.9      2.07508      4.63194       3      43.1589
      6.55196      20.6051      38.7017      4.03325   -0.0219864
900           5132.07      3.77108      4.99000       3      42.9845
      7.29198      7.84078      53.4996     -9.55530   -0.0216435
900           5208.55      3.69747      5.26917       3      42.9221
      8.38784      2.69040      53.4996     -9.54273   -0.0194265
600           353.703      12.6508     0.504444       2      43.1921
      8.05728      3.37202     -34.5633      37.1754   -0.0212623
600           428.935      11.8808     0.718889       2      43.1812
      8.20730      4.18977     -34.5633      37.1942   -0.0217291
600           557.576      11.0414      1.03833       2      43.0709
      7.93259      3.09485     -34.5633      37.2221   -0.0202145
600           694.299      10.3822      1.33750       2      42.9785
      7.73694      4.30546     -34.5633      37.2480   -0.0165873
600           801.879      9.79836      1.55417       2      43.0642
      7.58503      4.20765     -34.5633      37.2664   -0.0243232
600           915.454      9.22417      1.77056       2      42.9163
      7.68605     0.799039     -34.5633      37.2845   -0.0189792
600           445.203      12.5121      1.00417       2      43.2787
      8.31653      2.47147     -34.8146      37.6402   -0.0212148
600           1382.93      9.29441      3.07111       4      43.0698
      8.23098      3.99817     -34.8146      37.7844   -0.0217861
600           1477.16      9.02513      3.27167       4      42.8627
      8.34445      3.20279     -34.8146      37.7953   -0.0199890
600           1684.64      8.69350      3.73778       4      42.8687
      8.05116      2.22874     -34.8146      37.8178   -0.0241578
600           1767.23      8.71418      3.93806       4      42.9630
      8.00866      3.18373     -34.8146      37.8262   -0.0266052
600           1844.68      8.23527      4.13750       4      42.7966
      7.71812      2.80121     -34.8146      37.8338   -0.0244102
600           1916.98      8.59494      4.33750       5      42.9138
      8.34650      5.06292     -34.8146      37.8407   -0.0218031
600           8564.79      3.36933      4.60444       3      43.2413
      8.62019     -4.09939      64.9690     -9.41557   -0.0154412
900           8585.18      3.22317      4.85444       3      43.2206
      7.76154      1.84924      64.9690     -9.39883   -0.0192725
1200          8532.71      3.20973      5.22139       3      43.3769
      7.37498      7.24709      64.9690     -9.37269   -0.0227748
1200          8394.14      3.21160      5.57194       2      43.3049
      7.77236      3.74886      64.9690     -9.34610   -0.0245925
600           520.265      12.3864      1.20417       2      43.3677
      8.42281      4.53670     -34.8146      37.6561   -0.0205706
1200          8162.31      3.14680      5.93778       2      43.3684
      7.20008      8.29139      64.9690     -9.31687   -0.0233234
1200          7781.29      3.09976      6.37111       2      43.2935
      7.37546      3.46001      64.9690     -9.28055   -0.0214588
1200          7316.66      3.28846      6.78861       2      43.2817
      7.44291      8.72694      64.9690     -9.24415   -0.0168637
1200          6772.17      3.44230      7.20472       1      43.4676
      7.78437      6.09908      64.9690     -9.20683   -0.0179548
1200          6212.42      3.59863      7.58778       1      43.3856
      7.47096      6.79303      64.9690     -9.17187   -0.0134789
900           5607.56      3.90949      7.97250       1      43.2933
      7.51580      8.30803      64.9690     -9.13645  -0.00984886
900           5117.84      4.04791      8.27111       1      43.4268
      7.58845      3.41234      64.9690     -9.10894   -0.0151306
900           4642.54      4.55267      8.55528       1      43.2703
      8.18213      4.84516      64.9690     -9.08287  -0.00895410
900           4139.02      4.77810      8.85472       1      43.4131
      7.77694      5.40577      64.9690     -9.05565  -0.00817261
600           3612.29      5.29335      9.17111       2      43.6643
      7.96217      6.85534      64.9690     -9.02731  -0.00754862
600           600.869      11.8782      1.40417       3      43.1640
      8.33869      3.97597     -34.8146      37.6717   -0.0204601
600           3125.39      5.89259      9.47139       2      43.5434
      7.94135      6.26525      64.9690     -9.00095  -0.00873866
600           2811.91      6.27022      9.67139       2      43.2495
      8.23578      1.15589      64.9690     -8.98375   -0.0104064
600           2509.57      6.89595      9.87139       2      43.5435
      8.13451      6.12871      64.9690     -8.96688   -0.0126007
600           1246.83      8.69771      10.1553       1      43.7199
      7.83823      6.90251      67.4874     -26.3813  -0.00740108
600           1112.10      9.18676      10.3547       1      43.5436
      7.78763      5.58308      67.4874     -26.3672  -0.00827013
600           982.699      10.3653      10.5547       1      43.5653
      8.29579      3.09104      67.4874     -26.3529   -0.0233345
300           859.935      11.1749      10.7547       1      43.8552
      7.16272      10.7982      67.4874     -26.3385   -0.0115670
300           772.737      11.6272      10.9047       1      43.3948
      8.19734      1.39597      67.4874     -26.3276   -0.0159381
300           450.731      14.5587      11.5553       1      43.7538
      8.05632     0.185077      67.4874     -26.2808  -0.00370501
300           403.821      15.3225      11.6714       1      43.9436
      8.43645      2.89576      67.4874     -26.2725  -0.00320703
600           806.291      11.0640      1.87083       3      43.0558
      8.10812      5.20621     -34.8146      37.7067   -0.0179534
300           365.940      16.1351      11.7719       1      43.9635
      7.95134      6.47549      67.4874     -26.2654  -0.00518399
300           331.012      16.4558      11.8714       1      44.1264
      8.18872      6.06973      67.4874     -26.2583  -0.00556287
300           293.191      16.4554      11.9883       1      43.9441
      8.09054      1.31267      67.4874     -26.2501  -0.00409569
300           259.056      17.0749      12.1047       1      43.8183
      8.03136      3.88594      67.4874     -26.2420   -0.0110842
600           900.106      10.5161      2.07139       3      43.0853
      8.58724      2.22818     -34.8146      37.7211   -0.0193822
600           995.646      10.1430      2.27111       3      43.1502
      7.92522      2.44351     -34.8146      37.7348   -0.0240445
600           1093.54      9.78963      2.47306       3      43.0888
      8.07468      3.82937     -34.8146      37.7482   -0.0241554
600           1189.87      9.59584      2.67083       3      43.0668
      8.28313      4.01876     -34.8146      37.7608   -0.0218348
600           1286.91      9.51240      2.87083       3      43.0751
      7.99360      4.77644     -34.8146      37.7729   -0.0187205
900           1403.69      8.71364      3.30889       4      43.2644
      8.20474      3.39504     -34.8146      37.7747   -0.0320778
900           5330.09      4.11946      6.19167       4      43.7288
      6.83216      5.46977      82.6071     -27.4597   -0.0190325
900           5123.58      3.91233      6.47556       4      43.7571
      6.89296      5.12052      82.6071     -27.4411   -0.0135870
900           4896.38      4.19419      6.75833       3      43.7164
      7.77971      4.39881      82.6071     -27.4212   -0.0132693
900           4648.70      4.22649      7.04250       3      43.6368
      6.97936      4.93525      82.6071     -27.4000   -0.0144234
900           4369.70      4.19343      7.34167       3      43.5898
      7.19944      3.89661      82.6071     -27.3763  -0.00838729
900           4091.00      4.46581      7.62500       3      43.5964
      7.72124      4.00865      82.6071     -27.3529   -0.0109002
900           3801.38      4.67640      7.90806       3      43.8579
      7.56559      7.07808      82.6071     -27.3285  -0.00932756
900           3485.25      4.94907      8.20833       3      43.6517
      7.19255      4.60576      82.6071     -27.3017  -0.00581377
900           3181.58      5.39117      8.49194       2      43.6702
      7.46030      6.17091      82.6071     -27.2756  -0.00639353
900           2804.99      6.23672      8.84194       2      43.6838
      7.71396      5.71596      82.6071     -27.2427  -0.00722587
900           1520.93      8.49063      3.59139       4      43.3116
      8.19873      3.25272     -34.8146      37.7872   -0.0321303
900           2503.00      6.68411      9.12500       2      43.6810
      7.54092      6.96893      82.6071     -27.2155  -0.00243925
900           2206.73      6.95970      9.40833       2      43.5626
      7.30217      4.99042      82.6071     -27.1880  -0.00428717
600           1491.10      8.89768      10.1428       2      43.6875
      8.22556      4.57879      82.6071     -27.1163  -0.00518646
600           1300.99      9.48274      10.3589       2      43.5863
      8.20714      2.02983      82.6071     -27.0953  -0.00540101
600           1135.66      10.1122      10.5586       2      43.8067
      8.27687      2.91137      82.6071     -27.0760  -0.00467332
600           981.225      11.1799      10.7583       2      43.7406
      8.06888      6.08764      82.6071     -27.0569  -0.00371109
600           838.090      12.0857      10.9586       2      43.7608
      8.19660      4.97963      82.6071     -27.0380  -0.00583171
600           707.708      12.9890      11.1583       2      43.6321
      8.30324      3.96131      82.6071     -27.0194  -0.00348927
600           589.855      13.9814      11.3586       3      43.6049
      8.01242      4.64199      82.6071     -27.0010  -0.00537319
600           485.379      15.2775      11.5586       3      43.8519
      8.10132      6.91174      82.6071     -26.9830  -0.00784017
900           7428.13      5.07405      3.95917       5      43.7283
      6.58265      6.95992      81.3458     -23.4664   -0.0561775
600           394.370      16.3121      11.7583       3      43.7360
      8.33247      4.05202      82.6071     -26.9655  -0.00985896
600           304.839      16.6581      11.9917       3      43.6017
      8.15439   -0.0766702      82.6071     -26.9455   -0.0247700
900           7402.29      4.58582      4.25806       5      43.7495
      7.17141      3.70815      81.3458     -23.4564   -0.0434720
900           7340.73      4.35737      4.54139       5      43.6723
      6.22445      8.28729      81.3458     -23.4452   -0.0373423
900           7243.93      3.89776      4.82472       5      43.6972
      6.84139      3.20888      81.3458     -23.4324   -0.0297629
900           7000.74      3.77208      5.30806       4      43.6417
      6.81068      8.01248      81.3458     -23.4067   -0.0254123
900           6802.81      3.70901      5.60833       4      43.7811
      6.33709      8.06231      81.3458     -23.3884   -0.0245655
900           5512.57      4.04113      5.90833       4      43.6828
      7.36914      2.93866      82.6071     -27.4768   -0.0235498
600           467.702      12.4161     0.983889       2      43.7888
      7.83464      4.45189     -34.8146      37.5635   -0.0193555
600           1716.02      8.14456      3.56722       4      43.7115
      7.36513      4.93375     -34.8146      37.7444   -0.0229024
600           1810.89      7.95362      3.76972       4      43.7636
      7.33822      3.44308     -34.8146      37.7545   -0.0206367
600           1899.31      7.85750      3.96722       4      43.6356
      7.50579      3.31883     -34.8146      37.7637   -0.0210745
600           1984.11      7.71133      4.16722       4      43.6630
      7.56270     0.344425     -34.8146      37.7722   -0.0218532
600           2101.40      7.89651      4.46806       4      43.7150
      7.43605      5.99255     -34.8146      37.7836   -0.0194917
900           8558.79      3.20142      4.78417       3      44.3205
      6.26122      10.3109      64.9690     -10.7701   -0.0147081
900           8508.47      3.04076      5.10167       3      44.2059
      6.11179      5.39744      64.9690     -10.7488   -0.0141839
900           8406.86      2.88861      5.38389       3      44.0347
      6.51744    -0.275398      64.9690     -10.7288   -0.0112130
900           8242.62      2.93299      5.68389       3      44.2016
      7.17248     0.428280      64.9690     -10.7064   -0.0133080
900           8036.60      2.94699      5.96778       2      44.0917
      6.71966      5.81340      64.9690     -10.6842  -0.00770494
900           7800.01      2.95742      6.23556       2      44.0622
      6.95648      3.87903      64.9690     -10.6624  -0.00805842
900           7510.17      3.03864      6.51722       2      44.0181
      7.02043      2.32417      64.9690     -10.6389  -0.00576222
900           7199.77      3.13264      6.78444       2      43.9690
      6.76701      6.22274      64.9690     -10.6159  -0.00783252
900           6815.07      3.17947      7.08417       2      44.0457
      7.25885      2.87121      64.9690     -10.5895  -0.00757915
900           6420.62      3.18703      7.36750       1      43.9464
      7.12658      3.55807      64.9690     -10.5642  -0.00653111
900           6001.29      3.39236      7.65083       1      44.0441
      7.27630      2.36991      64.9690     -10.5385  -0.00886346
900           5586.37      3.61618      7.91889       1      44.0234
      7.23366      2.44614      64.9690     -10.5140  -0.00766929
900           5054.68      3.96107      8.25111       1      44.0207
      7.46452      1.15578      64.9690     -10.4835  -0.00735333
900           4592.42      4.16393      8.53444       1      43.9947
      7.00870      5.88995      64.9690     -10.4575  -0.00693970
900           4125.96      4.68649      8.81917       1      43.8794
      7.62174      3.91001      64.9690     -10.4315   -0.0117445
900           3557.49      5.36664      9.17000       1      44.0896
      7.27048      7.98377      64.9690     -10.3999  -0.00924059
900           3113.25      5.81105      9.45167       2      43.9176
      7.49102      5.04775      64.9690     -10.3749   -0.0140958
900           2683.56      6.40210      9.73500       2      43.9968
      7.41486      6.23762      64.9690     -10.3502  -0.00593686
600           1055.26      9.87474      2.26778       3      43.8356
      7.87523      5.70590     -34.8146      37.6634   -0.0190423
600           1175.31      9.36537      2.50083       3      43.7229
      7.70688      4.51956     -34.8146      37.6798   -0.0233053
600           1278.77      9.12672      2.70028       3      43.7361
      7.14807      8.42688     -34.8146      37.6931   -0.0196484
600           1399.64      8.72495      2.93389       3      43.7103
      7.81239      3.74937     -34.8146      37.7081   -0.0211159
600           1510.53      8.38836      3.15083       4      43.5564
      7.72996      1.12562     -34.8146      37.7213   -0.0218733
600           1618.81      8.21061      3.36722       4      43.5990
      7.81326      1.20598     -34.8146      37.7336   -0.0162564
