300           290.669      8.99881      1.51361       1      50.1135
      9.86612      5.01535      30.5240      30.2136  -0.00640484
600           1273.91      6.52850      3.45833       1      49.9414
      8.11731      12.8800      51.6037      19.7426  -0.00882401
600           1371.29      6.32232      3.63139       1      49.8029
      7.88844      11.4062      51.6037      19.7555   -0.0107928
600           1475.09      5.98534      3.81889       1      49.7018
      8.23193      9.45784      51.6037      19.7695  -0.00781330
600           1634.65      5.81104      4.11806       1      49.9206
      7.39474      14.6213      51.6037      19.7917  -0.00498519
600           1725.70      5.67399      4.29806       1      49.7155
      8.21275      7.44942      51.6037      19.8049   -0.0105701
600           1812.98      5.50543      4.48000       1      49.5531
      8.17267      7.45457      51.6037      19.8182  -0.00777785
600           2833.04      4.77837      4.70833       2      49.7026
      7.80063      6.70291      64.9342      14.8230  -0.00996680
600           2160.65      5.31121      4.89833       1      49.9227
      7.77271      16.7791      61.4986      12.5020  -0.00688265
600           3116.76      4.56423      5.11361       2      50.0421
      6.29314      16.0107      64.9342      14.8629  -0.00479978
600           2311.07      5.02344      5.32361       1      49.5013
      8.60075      4.54748      61.4986      12.5343  -0.00727914
600           327.796      9.17667      1.63944       1      49.8992
      8.79700      7.68530      30.5240      30.2222   -0.0104411
600           2489.58      5.10609      5.57750       1      50.1552
      7.70863      14.2361      69.3841      4.47389  -0.00309637
600           2532.86      5.27127      5.77861       1      49.7955
      8.43987      8.78820      72.0465     -3.77745  -0.00386492
600           2538.22      5.21234      5.97583       1      49.7648
      8.27400      13.4359      69.3841      4.50469  -0.00619536
600           2532.56      5.09983      6.17444       1      49.5599
      8.32512      4.74001      72.0465     -3.74715  -0.00295543
600           2531.57      5.36353      6.37750       1      49.9346
      8.34390      15.6196      69.3841      4.53549  -0.00522746
600           2476.51      5.32329      6.57861       1      49.4946
      8.74919      1.96758      72.0465     -3.71592  -0.00309565
600           3606.04      4.81376      6.84472       2      50.1520
      7.48967      13.5634      87.1319     -5.91754  -0.00172871
600           3506.29      4.59283      7.01917       2      49.7915
      8.09288      4.95687      87.1319     -5.90019  -0.00148753
600           3392.48      4.61134      7.19500       2      49.8793
      7.11532      8.54387      87.1319     -5.88278  -0.00362631
600           3267.33      4.93238      7.36944       2      49.5186
      8.49283      3.23999      87.1319     -5.86561  -0.00242913
600           385.329      8.81199      1.81833       1      49.7010
      8.22864      5.72216      30.5240      30.2344   -0.0149348
300           645.094      7.83551      2.39528       1      49.9840
      8.09728      10.3173      41.0885      25.7888  -0.00350743
300           694.335      7.89410      2.50222       1      49.3550
      9.19715      6.01982      41.0885      25.7965  -0.00471709
600           737.100      7.77035      2.59306       1      49.8105
      8.38595      7.25213      41.0885      25.8030  -0.00994508
600           827.118      7.66818      2.77944       1      49.6893
      8.56414      9.73451      41.0885      25.8164   -0.0121044
600           914.037      7.37246      2.95500       1      49.5790
      8.90728      5.84366      41.0885      25.8289   -0.0118732
600           1162.44      6.87577      3.26167       1      49.7274
      8.83216      7.11986      51.6037      19.7280   -0.0108536
600           1405.23      6.91531      4.02028       2      48.4622
      8.20481      3.16731      35.7893      28.1941   -0.0119376
600           704.520      8.64779      2.54250       1      48.8879
      8.78045      7.30828      35.7893      28.0945  -0.00884763
600           793.749      8.70163      2.73500       1      48.6890
      8.79693      4.82276      35.7893      28.1080   -0.0135498
600           880.555      8.47931      2.91750       1      48.7800
      8.36462      11.1587      35.7893      28.1206  -0.00923254
600           966.808      8.12698      3.09611       1      48.7601
      8.35011      9.70294      35.7893      28.1329   -0.0116311
600           1051.43      7.64087      3.27028       1      48.6577
      8.45450      5.13173      35.7893      28.1448   -0.0129434
600           1142.16      7.48316      3.45750       1      48.4588
      8.47038      3.99771      35.7893      28.1574  -0.00771271
600           1232.75      7.36577      3.64667       2      48.5405
      8.51170      3.29466      35.7893      28.1700   -0.0105003
600           1319.23      7.27217      3.83111       2      48.4935
      8.64782      5.38463      35.7893      28.1820  -0.00965671
