          38       2  1025.72D0  0.882D0  1.00000D10
       4     600      1.46111     -102.400      22.1000     -91.7000
      116.500      10.7000      732.330       2     -25.7925      138.485
      29.5317      7.20740      6.25914      0.00000      0.00000
       6     900      1.65306     -99.5000      24.2000     -89.8000
      118.600      9.70000      824.208       2     -25.7925      138.485
      29.5444      7.22060      6.32489      0.00000      0.00000
       7     900      1.86889     -96.6000      26.5000     -87.5000
      121.000      9.10000      931.832       2     -25.7925      138.485
      29.5584      7.04389      6.36489      0.00000      0.00000
       9     300      2.07333     -94.1000      28.8000     -85.3000
      123.200      8.70000      1037.11       2     -25.7925      138.485
      29.5711      6.58474      6.28328      0.00000      0.00000
      10     300      2.25333     -92.1000      30.7000     -83.4000
      125.200      8.70000      1131.77       3     -25.7925      138.485
      29.5819      6.52442      6.08595      0.00000      0.00000
      11     300      2.42861     -90.2000      32.7000     -81.4000
      127.100      8.80000      1225.11       3     -25.7925      138.485
      29.5921      6.25036      5.95995      0.00000      0.00000
      17     200      3.77306      96.1000      36.9000     -63.2000
      141.100      159.200      17434.8       3      39.6451      195.169
      3.82364      1.99109      3.94796      0.00000      0.00000
      19     600      4.09000      100.000      33.4000     -57.7000
      144.100      157.700      18106.2       3      39.6451      195.169
      3.84893      1.82058      4.95878      0.00000      0.00000
      22     600      5.06056      126.300      39.0000     -36.0000
      151.900      162.300      30203.7       3      41.7940      216.827
   -0.0838050      1.74541      5.72477      0.00000      0.00000
      23     600      5.45306      116.200      44.7000     -24.7000
      154.100      140.900      13186.2       3      54.9952      225.913
     -10.4028      1.90276      4.93834      0.00000      0.00000
      25     600      5.77250      141.000      33.3000     -14.5000
      155.200      155.400      27078.9       3      41.7940      216.827
   -0.0135950      1.72487      5.48317      0.00000      0.00000
      26     600      6.10528      127.100      38.6000     -3.20000
      155.800      130.300      11905.5       3      54.9952      225.913
     -10.3447      1.84940      4.69755      0.00000      0.00000
      29     900      6.70139      165.800      28.7000      17.2000
      155.000      148.600      22608.2       2      41.7940      216.827
    0.0838650      1.73335      4.94406      0.00000      0.00000
      30     900      7.03583      172.400      13.2000      27.6000
      153.600      144.800      12693.9       1      46.0303      196.786
    -0.547517      2.09523      4.84260      0.00000      0.00000
      31     900      7.30667     -172.100      13.2000      35.3000
      152.000      152.600      11963.3       1      46.0303      196.786
    -0.520849      2.11656      4.45817      0.00000      0.00000
      33     900      7.61639      150.500      14.6000      43.2000
      149.900      107.300      7093.34       1      58.9335      199.149
     -9.79286      2.53364      5.24785      0.00000      0.00000
      34     900      7.93250      166.800      13.4000      50.3000
      147.400      116.400      6488.12       1      58.9335      199.149
     -9.76243      2.66858      5.41411      0.00000      0.00000
      37     900      8.46778     -163.000      13.6000      60.6000
      142.500      136.400      5444.86       1      58.9335      199.149
     -9.71070      2.95158      5.22566      0.00000      0.00000
      38     900      8.74250     -149.300      14.8000      65.1000
      139.800      145.700      4911.05       1      58.9335      199.149
     -9.68428      3.31951      5.94993      0.00000      0.00000
      40     900      9.04389     -136.800      16.8000      69.6000
      136.800      153.600      4334.96       2      58.9335      199.149
     -9.65557      3.55470      5.50724      0.00000      0.00000
      41     900      9.31278     -127.900      19.0000      73.3000
      134.000      158.800      3834.96       2      58.9335      199.149
     -9.63030      3.89022      5.77637      0.00000      0.00000
      42     900      9.60083     -134.700      17.2000      77.0000
      131.000      148.300      2850.57       2      65.4241      199.605
     -14.0760      4.50947      6.00869      0.00000      0.00000
      44     900      9.97250     -139.400      16.3000      81.4000
      127.000      139.200      2064.29       2      71.9144      198.995
     -18.2937      5.27298      5.87959      0.00000      0.00000
      46     900      10.1811     -178.800      13.1000      83.8000
      124.700      97.5000      1518.27       1      84.4871      180.285
     -25.8341      6.33142      6.08960      0.00000      0.00000
      47     900      10.3583     -168.700      13.3000      85.7000
      122.800      105.600      1369.14       1      84.4871      180.285
     -25.8181      6.62571      5.52718      0.00000      0.00000
      48     900      10.5378     -159.000      13.8000      87.6000
      120.800      113.400      1224.71       1      84.4871      180.285
     -25.8020      7.13786      5.56130      0.00000      0.00000
      49     900      10.7367     -149.300      14.8000      89.7000
      118.600      121.100      1073.15       1      84.4871      180.285
     -25.7842      7.14255      5.56130      0.00000      0.00000
      50     900      10.9314     -140.900      16.0000      91.6000
      116.500      127.500      934.189       2      84.4871      180.285
     -25.7669      7.87609      5.88461      0.00000      0.00000
      51     600      11.0981     -134.600      17.3000      93.3000
      114.700      132.000      823.163       2      84.4871      180.285
     -25.7522      8.48128      5.68951      0.00000      0.00000
      53     600      11.3150     -127.600      19.1000      95.4000
      112.300      136.900      690.182       2      84.4871      180.285
     -25.7333      9.94768      5.72910      0.00000      0.00000
      55     600      11.6311     -117.600      6.20000      98.5000
      108.900      143.800      476.799       1      74.8497      93.5352
     -28.4284      10.9337      6.10521      0.00000      0.00000
      56     600      11.7242     -112.900      7.10000      99.4000
      107.900      147.700      437.999       1      74.8497      93.5352
     -28.4212      11.0082      6.09439      0.00000      0.00000
      57     600      11.8194     -109.100      8.10000      100.300
      106.800      150.500      400.482       1      74.8497      93.5352
     -28.4140      11.4159      6.17965      0.00000      0.00000
      59     600      11.9289     -105.600      9.20000      101.400
      105.700      153.000      360.176       1      74.8497      93.5352
     -28.4056      11.7100      5.80916      0.00000      0.00000
      60     600      12.0497     -102.500      10.5000      102.600
      104.400      154.900      319.171       1      74.8497      93.5352
     -28.3965      12.2081      5.56058      0.00000      0.00000
      61     600      12.1578     -100.200      11.7000      103.600
      103.200      156.200      285.623       1      74.8497      93.5352
     -28.3884      12.3589      5.91542      0.00000      0.00000
      62     300      12.2528     -98.5000      12.7000      104.500
      102.200      157.000      258.563       1      74.8497      93.5352
     -28.3813      12.3180      5.68092      0.00000      0.00000
      64     300      12.3606     -96.7000      13.9000      105.600
      101.100      157.700      230.614       1      74.8497      93.5352
     -28.3733      11.6549      5.63596      0.00000      0.00000
