300           726.902      9.55400      4.07556       2      49.2397
      7.00476      12.4344      38.0456     -6.61115   0.00162033
600           1546.03      7.52562      5.65500       3      49.3645
      7.30338      11.0901     -36.4175     -24.8222  -0.00472129
600           1542.74      7.26823      5.83167       3      49.1783
      7.25234      7.98989     -36.4175     -24.8091  -0.00363749
600           1531.06      7.32946      6.02028       3      49.1857
      7.69076      4.84300     -36.4175     -24.7947  -0.00337315
600           1512.51      7.27452      6.19806       3      49.0814
      7.57282      4.40437     -36.4175     -24.7808  -0.00238350
600           1487.78      7.32693      6.37028       3      49.0502
      7.63405      7.01979     -36.4175     -24.7669  -0.00392495
300           752.481      9.41742      4.17861       2      49.0289
      7.13928      12.7447      38.0456     -6.60595  0.000844813
300           780.087      9.25934      4.29361       3      48.8555
      8.08752      9.03758      38.0456     -6.60028  -0.00256603
300           806.027      9.18483      4.40611       3      49.2730
      7.15502      15.1523      38.0456     -6.59489  -0.00456742
300           829.796      9.10401      4.51389       3      49.0364
      7.12850      10.7360      38.0456     -6.58985  -0.00269926
300           869.396      8.73641      4.70667       3      48.9310
      7.84845      5.36720      38.0456     -6.58120 -0.000615821
300           890.428      9.07479      4.81806       3      49.1286
      7.18841      10.2545      38.0456     -6.57641   0.00175584
300           910.990      9.18655      4.93528       3      49.2371
      7.07619      13.7850      38.0456     -6.57154 -0.000518615
600           1541.23      7.50382      5.46556       3      49.2363
      7.45081      5.04227     -36.4175     -24.8356  -0.00606083
300           327.069      10.0529      2.37167       1      49.1323
      8.19525      7.13901      38.0456     -6.49499  0.000219988
300           647.288      8.56434      3.50750       2      49.3440
      7.70121      13.3314      38.0456     -6.43130  5.38381e-06
300           672.835      8.44707      3.59667       2      49.0789
      7.39839      8.30369      38.0456     -6.42679  0.000293183
300           703.481      8.05175      3.70500       2      49.0972
      7.77479      7.98319      38.0456     -6.42142  -0.00262295
300           729.685      8.16468      3.79917       2      49.1030
      6.73409      13.5291      38.0456     -6.41685   0.00122549
300           755.183      8.19902      3.89250       3      49.0730
      6.86635      11.8417      38.0456     -6.41242  0.000288821
300           780.872      7.91500      3.98861       3      48.9800
      6.92023      10.1449      38.0456     -6.40797  -0.00107129
300           806.199      8.20499      4.08583       3      49.3318
      7.51774      10.5966      38.0456     -6.40357 -0.000246864
600           1168.96      7.33984      4.32306       3      49.3917
      7.58818      7.04410     -17.3348     -24.9479   0.00157858
600           1221.53      6.91002      4.49750       3      49.2918
      6.78272      9.21863     -17.3348     -24.9397   0.00176478
600           1268.72      6.65400      4.67083       3      49.2517
      7.50802      6.88710     -17.3348     -24.9311  -0.00157905
300           350.744      9.81139      2.46361       2      48.9083
      8.17041      2.28091      38.0456     -6.48948  -0.00268178
600           1310.35      6.50046      4.84361       3      49.2479
      7.57797      8.39346     -17.3348     -24.9222   0.00532532
600           1347.23      6.33842      5.02167       3      49.2118
      7.26012      5.14557     -17.3348     -24.9126   0.00273781
600           1427.69      6.03714      5.71500       2      49.4139
      7.31481      6.91138     -17.3348     -24.8720   0.00276086
600           1431.32      6.03781      5.92694       2      49.2307
      7.39393      7.86635     -17.3348     -24.8586   0.00320725
600           1426.89      6.04124      6.10083       2      49.1216
      7.95574      1.84233     -17.3348     -24.8473   0.00413449
600           1415.09      6.13452      6.28389       2      49.2729
      7.33985      8.40814     -17.3348     -24.8352   0.00441380
600           1396.91      6.12817      6.46056       2      49.2230
      7.91823      4.15489     -17.3348     -24.8232   0.00482011
600           1372.85      6.11673      6.63333       1      49.0943
      7.88917      2.52616     -17.3348     -24.8114   0.00403793
600           1286.92      6.59841      7.06667       1      49.3714
      7.52101      8.10648     -17.3348     -24.7809   0.00463712
600           1240.03      6.62819      7.25167       1      49.3801
      7.34875      9.45896     -17.3348     -24.7676   0.00156692
300           392.684      9.86793      2.62056       2      49.2256
      7.79743      13.4097      38.0456     -6.48019 -0.000830033
600           1188.96      6.61361      7.43250       1      49.1556
      7.79513      2.47907     -17.3348     -24.7545   0.00352761
600           1132.17      6.99479      7.61667       1      49.3314
      7.02052      9.50547     -17.3348     -24.7411   0.00343845
600           1070.12      7.37517      7.80389       1      49.2242
      7.95933      6.64816     -17.3348     -24.7274   0.00626655
600           939.084      7.80850      8.16944       1      49.3075
      7.65861      6.76349     -17.3348     -24.7006   0.00152160
600           873.489      8.18093      8.34333       1      49.1523
      8.00959      4.92787     -17.3348     -24.6879   0.00351354
600           798.520      8.51442      8.53833       1      49.2176
      7.46771      7.90023     -17.3348     -24.6737   0.00381656
600           726.968      9.05887      8.72306       1      49.2027
      7.51757      8.13751     -17.3348     -24.6603   0.00369827
300           641.198      9.29754      8.94583       1      49.1691
      7.55228      9.33666     -17.3348     -24.6444   0.00103296
300           605.871      9.40674      9.03889       1      49.0327
      7.56129      5.84995     -17.3348     -24.6377   0.00143656
300           571.617      9.88130      9.13028       1      49.1289
      8.05624      1.71792     -17.3348     -24.6313   0.00527389
300           422.343      9.27590      2.72806       2      49.0727
      8.13224      7.80319      38.0456     -6.47393  0.000213982
300           530.909      9.98464      9.24083       1      49.2592
      7.27428      7.62927     -17.3348     -24.6235   0.00102203
300           497.487      10.1707      9.33361       1      49.2268
      7.65436      6.89688     -17.3348     -24.6170   0.00398140
300           459.461      10.7727      9.44194       2      49.2943
      8.35865      5.53704     -17.3348     -24.6096 -0.000623467
300           428.707      10.5354      9.53222       2      49.4411
      7.35254      8.97221     -17.3348     -24.6034 -0.000565663
300           394.043      11.4646      9.63750       2      49.2845
      7.96586      7.89882     -17.3348     -24.5962   0.00303935
300           325.392      11.7638      9.86083       2      49.3116
      7.72879      5.61134     -17.3348     -24.5813   0.00162368
300           464.787      8.96576      2.87833       2      49.0614
      7.97056      3.69324      38.0456     -6.46531  -0.00281414
300           493.907      8.72185      2.97972       2      49.0227
      8.44616      4.90949      38.0456     -6.45960 -0.000326026
300           568.304      8.82579      3.23556       2      49.0675
      7.34905      9.07471      38.0456     -6.44556 -0.000158504
300           595.602      8.73068      3.32917       2      48.8957
      8.46340      6.29451      38.0456     -6.44057  -0.00163766
300           621.440      8.61912      3.41806       2      48.8798
      6.86072      7.54253      38.0456     -6.43591  0.000343324
300           441.061      9.57837      2.82694       2      48.9980
      8.05754      11.7373      38.0456     -6.48778  -0.00140377
300           497.679      9.04371      3.02611       2      48.8833
      7.48407      8.94557      38.0456     -6.47642  -0.00226334
300           525.533      9.27024      3.12278       2      48.8777
      8.02262      10.6131      38.0456     -6.47102  -0.00293158
300           558.252      9.03279      3.23583       2      48.8390
      7.73726      5.81976      38.0456     -6.46481  0.000204128
300           589.136      8.61985      3.34250       2      48.8008
      7.81567      8.32019      38.0456     -6.45905  -0.00356377
300           616.472      8.45769      3.43722       2      48.8537
      7.25931      9.05059      38.0456     -6.45403  -0.00221601
300           646.334      8.73637      3.54139       2      48.7966
      7.82128      7.76581      38.0456     -6.44860  -0.00117822
300           676.116      8.77061      3.64639       2      48.9383
      8.45765      8.03862      38.0456     -6.44324  -0.00236930
300           701.846      8.44990      3.73833       2      48.7419
      8.06085      11.3241      38.0456     -6.43865  -0.00435178
300           727.558      8.54279      3.83167       2      48.6836
      7.63935      15.4231      38.0456     -6.43407 -0.000624323
300           245.612      10.2620      2.05500       1      49.1303
      7.60735      10.7685      38.0456     -6.53430  -0.00199003
300           754.346      8.49643      3.93083       3      48.5641
      7.37020      9.66499      38.0456     -6.42932  -0.00402840
300           835.303      8.07205      4.24750       3      48.7894
      7.82497      8.38233      38.0456     -6.41490  -0.00156342
300           859.333      8.25775      4.34833       3      48.5388
      8.38764      2.68373      38.0456     -6.41056  -0.00231185
300           881.209      7.54583      4.44389       3      48.7208
      7.15514      6.06832      38.0456     -6.40657   0.00122589
300           903.043      7.94709      4.54361       3      48.5286
      7.52835      7.08051      38.0456     -6.40253  -0.00220537
300           923.179      8.26511      4.64028       3      48.8496
      7.67165      11.3541      38.0456     -6.39874  -0.00115859
300           1289.32      5.64389      4.89250       3      48.8622
      6.33154      3.52098     -17.3348     -25.1512   0.00310297
600           1315.54      5.55014      5.02417       3      48.9700
      7.70453      3.05539     -17.3348     -25.1442   0.00247527
600           1236.06      6.46425      7.15806       1      48.7837
      7.60452      3.68670     -17.3348     -25.0077   0.00282104
600           1189.67      6.57463      7.33528       1      48.8022
      7.51452      3.80964     -17.3348     -24.9950   0.00682600
300           266.676      10.2730      2.15028       1      48.9576
      7.81538      7.84706      38.0456     -6.52839  -0.00360482
600           968.630      7.81286      8.02778       1      49.0888
      7.65641      7.03291     -17.3348     -24.9447   0.00338295
600           902.907      8.13147      8.20972       1      48.8934
      7.99968      4.41372     -17.3348     -24.9314   0.00118950
600           833.252      8.45258      8.39722       1      49.1082
      7.39396      9.60015     -17.3348     -24.9177   0.00589735
600           767.932      8.47222      8.57028       1      48.9262
      7.38990      7.14655     -17.3348     -24.9051   0.00239411
300           692.844      9.12103      8.76833       1      48.9595
      7.35760      7.82113     -17.3348     -24.8908   0.00189291
300           656.149      9.09450      8.86556       1      49.0816
      8.20099      8.93773     -17.3348     -24.8838  -0.00121085
300           565.363      9.66742      9.11000       1      48.9386
      7.52432    -0.584154     -17.3348     -24.8664  -0.00100052
300           531.459      10.2471      9.20361       1      48.9863
      7.98771      3.59637     -17.3348     -24.8598 -0.000420829
300           484.014      10.3910      9.33778       1      49.0774
      7.29820      9.33311     -17.3348     -24.8504   0.00166811
300           452.895      10.9918      9.42833       1      48.9590
      7.89504      2.93985     -17.3348     -24.8442  -0.00178601
300           287.666      9.94231      2.24083       1      48.9674
      7.95455      7.88817      38.0456     -6.52280  -0.00238429
300           420.874      11.1606      9.52417       2      49.1889
      7.20078      8.97499     -17.3348     -24.8376   0.00233213
300           391.397      11.4465      9.61528       2      49.2012
      7.27283      9.75297     -17.3348     -24.8314   0.00334513
300           359.052      11.6924      9.71917       2      48.9965
      8.04147      5.98336     -17.3348     -24.8244  0.000605366
300           330.031      12.1660      9.81667       2      48.9846
      7.58180      7.67502     -17.3348     -24.8178 -0.000634513
300           304.863      12.3549      9.90528       2      49.1044
      7.70850      6.99940     -17.3348     -24.8120  -0.00112185
300           310.138      10.0754      2.33389       1      49.0285
      8.29023      9.66967      38.0456     -6.51711  -0.00367720
300           336.917      9.74094      2.44056       1      48.7861
      8.44152      2.86071      38.0456     -6.51063  -0.00117372
300           361.584      9.91667      2.53556       2      48.8402
      8.21901      8.00544      38.0456     -6.50493  -0.00266927
300           385.952      9.64800      2.62694       2      49.0899
      7.66201      11.7775      38.0456     -6.49949  -0.00162067
300           414.231      9.49045      2.73056       2      48.9001
      8.36100      10.2361      38.0456     -6.49339  -0.00470260
