600           8586.87      5.69361      2.73361       5      43.9736
      6.84599     0.906113      81.3458     -15.0540   -0.0195865
900           8544.73      3.14156      5.40028       3      44.1145
      7.02957      5.24221      81.3458     -14.8897  -0.00651987
900           8265.46      3.11859      5.70028       3      44.2426
      6.83081      6.96968      81.3458     -14.8638  -0.00539149
900           7957.75      3.29307      5.98444       3      44.0967
      7.24072      6.08258      81.3458     -14.8381  -0.00407621
900           7591.90      3.03684      6.28389       3      43.8031
      7.01658    -0.957621      81.3458     -14.8102  -0.00321071
900           7187.46      3.26921      6.58361       2      43.9298
      6.77571      8.45942      81.3458     -14.7814  -0.00396521
900           6770.26      3.34043      6.86972       2      43.7222
      7.22871      3.31326      81.3458     -14.7532  -0.00163535
900           8754.58      5.19280      2.95083       5      44.1501
      7.39876     0.490112      81.3458     -15.0458   -0.0303916
900           8928.75      4.53770      3.23361       5      43.9881
      6.84282    -0.421873      81.3458     -15.0337   -0.0253155
900           9057.71      4.21682      3.53500       4      43.9932
      6.81006      4.69264      81.3458     -15.0189   -0.0187384
900           9124.88      3.87428      3.82028       4      44.0263
      6.79258      5.44824      81.3458     -15.0033   -0.0150429
900           9137.74      3.59139      4.11694       4      43.7171
      6.68841      4.58001      81.3458     -14.9853  -0.00917679
900           9091.13      3.21936      4.42028       4      43.8436
      6.12717      2.03775      81.3458     -14.9652   -0.0103177
900           8995.15      3.18038      4.70083       4      43.5900
      7.12492      1.16914      81.3458     -14.9452  -0.00775976
900           8847.22      3.07577      4.98556       3      43.6422
      7.48731     -3.30696      81.3458     -14.9235  -0.00727420
600           2261.84      6.79867      2.63833       3      43.9154
      8.54888      7.24167      43.5904      18.2279   -0.0239680
900           7510.89      3.15991      5.58806       2      44.0202
      6.98937      12.0356      43.5904      18.5244   -0.0265242
900           7932.02      3.07315      5.87083       2      44.0414
      6.40084      9.72255      43.5904      18.5530   -0.0303083
900           8335.24      3.17203      6.17083       2      43.8513
      7.41274      13.4168      43.5904      18.5829   -0.0325757
900           8687.66      2.99121      6.47056       3      43.7754
      7.04837      5.27106      43.5904      18.6120   -0.0319901
900           6664.44      3.43439      6.95000       2      44.1967
      7.40895      4.61232      81.3458     -13.3409  -0.00849264
900           6210.96      3.53885      7.23861       2      43.9819
      7.86068      3.36044      81.3458     -13.3114  -0.00554078
900           5714.67      3.82393      7.53972       2      44.0176
      7.91289      3.83979      81.3458     -13.2805  -0.00603027
600           5206.29      4.17033      7.83806       2      43.7596
      8.41757      1.19134      81.3458     -13.2496  -0.00363097
600           4830.68      4.40966      8.05472       2      43.9354
      8.68283      4.41474      81.3458     -13.2272  -0.00207290
600           4424.71      4.65220      8.28750       2      43.7958
      8.44266     -1.60317      81.3458     -13.2033  -0.00654045
600           2607.18      6.41658      2.85361       3      43.8655
      8.32398      10.8670      43.5904      18.2477   -0.0210362
600           3874.71      5.17195      8.60417       2      43.8504
      8.66010     0.836536      81.3458     -13.1709  -0.00343752
600           3531.94      5.53526      8.80444       2      44.2892
      7.52822      12.4538      81.3458     -13.1507  -0.00231278
600           3169.21      5.83589      9.02083       2      44.1266
      8.42878      2.80546      81.3458     -13.1291  -0.00207682
600           2843.48      6.24974      9.22083       2      44.0045
      8.47916      2.26410      81.3458     -13.1095  -0.00298434
600           2503.64      6.91362      9.43750       3      44.0026
      8.76927      5.24066      81.3458     -13.0885  -0.00415256
600           2107.99      7.65219      9.70417       3      43.7070
      8.74299      1.70022      81.3458     -13.0634  -0.00116761
600           1805.80      8.57539      9.92250       3      43.8872
      8.65685      5.58198      81.3458     -13.0433  -0.00414349
600           1529.51      9.50926      10.1378       3      44.0247
      8.99711      4.05505      81.3458     -13.0241  -0.00307783
300           820.917      11.2797      10.4044       2      43.9679
      8.53764      9.17238      66.3649     -30.8740  0.000496094
300           737.545      11.4844      10.5375       2      43.6755
      8.94769      2.69803      66.3649     -30.8613 -0.000309449
600           3002.54      5.91380      3.08722       3      43.9666
      7.54935      14.4911      43.5904      18.2698   -0.0222085
300           658.560      11.8543      10.6711       2      43.7550
      8.63138      2.09204      66.3649     -30.8486  -0.00302746
300           593.634      12.3396      10.7878       2      43.7753
      8.63062     0.524853      66.3649     -30.8376  -0.00115848
300           524.206      12.8281      10.9211       2      43.8408
      8.54367      3.27630      66.3649     -30.8251  -0.00434005
300           467.873      13.4252      11.0375       2      43.7104
      8.66178      3.44491      66.3649     -30.8144  -0.00218272
300           400.805      14.4330      11.1886       2      43.8293
      8.27285      7.26959      66.3649     -30.8005  0.000797815
300           347.723      14.9535      11.3211       3      43.6997
      9.01050      4.37897      66.3649     -30.7885  -0.00179406
600           3355.18      5.24454      3.28722       2      43.7133
      8.05291      5.84508      43.5904      18.2891   -0.0202519
600           3719.71      5.09782      3.48806       2      43.7609
      7.52597      11.9343      43.5904      18.3088   -0.0223719
600           4188.25      4.82483      3.74028       2      43.6896
      7.53291      12.2704      43.5904      18.3340   -0.0210747
600           4561.36      4.47326      3.93833       2      43.5429
      8.11889      9.94728      43.5904      18.3541   -0.0224902
600           5039.31      3.82987      4.19083       2      43.5362
      6.89038      9.97594      43.5904      18.3799   -0.0188978
600           7163.67      3.16894      5.37083       2      44.2302
      6.55104      13.1958      43.5904      18.5021   -0.0217946
600           4717.15      4.21281      4.13861       2      43.9422
      7.35393      10.4258      43.5904      18.8572   -0.0209047
600           5107.89      3.99892      4.35528       2      43.8474
      7.32398      12.6761      43.5904      18.8795   -0.0218494
600           5464.62      3.78327      4.55500       2      43.7805
      6.95112      9.55899      43.5904      18.9002   -0.0211762
600           5816.58      3.56168      4.75528       2      43.7050
      7.79328      8.26116      43.5904      18.9209   -0.0240951
900           6162.35      3.40092      4.95667       2      43.5667
      7.22370      6.40940      43.5904      18.9418   -0.0333599
900           6943.92      3.25129      5.43889       2      43.8134
      6.95732      7.89620      43.5904      18.9915   -0.0307446
900           7388.11      3.18625      5.73944       2      43.6305
      7.15983      6.54910      43.5904      19.0220   -0.0297046
900           7770.08      3.14488      6.02306       2      43.6802
      7.05591      8.20578      43.5904      19.0504   -0.0327417
900           8110.34      2.97550      6.30611       3      43.7254
      6.33595      12.0380      43.5904      19.0781   -0.0336151
900           8526.94      2.94817      6.72194       3      43.6517
      6.32745      3.11052      43.5904      19.1174   -0.0321503
300           954.079      8.52866      2.13861       2      43.6051
      8.70501     -1.90302      17.2181      35.0780   -0.0192548
900           8759.98      3.19428      7.02194       3      43.8315
      6.46443      9.20880      43.5904      19.1446   -0.0331627
900           8932.38      3.27824      7.32250       3      43.5462
      6.74083      5.41064      43.5904      19.1708   -0.0326061
900           5479.27      3.83432      7.67500       2      43.8004
      7.50748      3.76455      81.3458     -12.7926  -0.00555992
900           4967.16      4.19003      7.97222       2      43.7553
      7.28911      5.17027      81.3458     -12.7618  -0.00461370
900           4232.60      4.65906      8.39278       2      43.7643
      8.22324     -1.24518      81.3458     -12.7186  -0.00467834
900           3689.20      5.18770      8.70611       2      43.8636
      7.88818      6.68542      81.3458     -12.6868  -0.00310271
600           3182.38      5.81900      9.00556       2      44.0580
      8.06598      10.4621      81.3458     -12.6569  -0.00374187
600           2827.45      5.98962      9.22250       2      43.6859
      8.30466      2.73185      81.3458     -12.6356  -0.00291546
600           2487.03      6.83057      9.43889       3      43.7535
      8.40440      5.50043      81.3458     -12.6148  -0.00129877
600           2018.88      7.73197      9.75583       3      43.8434
      8.57629      2.22843      81.3458     -12.5852  -0.00556283
600           1039.06      8.49043      2.25694       2      43.8576
      8.53829      1.75741      17.2181      35.0895   -0.0384986
600           1702.32      8.45835      9.98861       3      43.7451
      8.19748      3.23636      81.3458     -12.5642  -0.00170613
600           963.474      10.3811      10.2222       2      43.9633
      8.79263      3.54249      74.8497     -17.4730  -0.00461504
300           803.099      11.3257      10.4558       2      43.7272
      8.47576      5.03845      74.8497     -17.4550  -0.00145656
300           728.648      11.3139      10.5722       2      43.7160
      8.46733    -0.791500      74.8497     -17.4462  -0.00186591
300           667.929      12.0056      10.6719       2      43.7031
      8.28960      5.99049      74.8497     -17.4387  -0.00183591
300           609.677      12.9593      10.7725       2      43.7151
      8.52872      5.60127      74.8497     -17.4313  8.21151e-05
300           546.098      13.1520      10.8889       2      43.7340
      9.02663     0.452899      74.8497     -17.4228  -0.00214402
300           486.614      13.5640      11.0056       2      43.7444
      8.75470      1.31450      74.8497     -17.4145  -0.00444729
300           437.806      14.4087      11.1083       2      43.8811
      8.99417      4.33664      74.8497     -17.4072  -0.00508552
300           394.539      15.0017      11.2061       2      43.7022
      9.00759   -0.0511448      74.8497     -17.4004  -0.00378246
600           1201.55      7.70107      2.47194       2      43.6479
      8.51566     0.357326      17.2181      35.1104   -0.0400626
300           353.726      15.1606      11.3056       2      43.7780
      8.43395      5.97719      74.8497     -17.3936  -0.00540124
300           316.344      15.5729      11.4044       3      43.6030
      8.86897     0.663284      74.8497     -17.3870  -0.00536913
600           2441.91      6.34099      2.82389       3      43.8047
      8.37043      6.38322      43.5904      18.7271   -0.0231744
600           2868.00      5.84293      3.08833       3      43.8209
      7.73453      9.39635      43.5904      18.7522   -0.0242678
600           3465.16      5.07678      3.43889       2      43.9153
      7.19160      10.2527      43.5904      18.7864   -0.0236009
600           3818.23      4.83208      3.63917       2      43.6711
      7.43667      10.7659      43.5904      18.8064   -0.0196312
600           4357.60      4.36960      3.93972       2      43.8730
      7.63915      9.07036      43.5904      18.8368   -0.0228284
600           590.344      9.84560      1.58944       2      44.0736
      8.55269      1.22915      17.2181      35.3527   -0.0377165
600           2856.82      5.15437      3.93889       1      44.0356
      7.71403      10.1007      46.7231      16.5047   -0.0131529
600           3055.49      4.92218      4.14056       1      43.9155
      7.98187      6.86519      46.7231      16.5217   -0.0127701
600           3264.39      4.75251      4.36083       1      44.0311
      7.84933      11.0413      46.7231      16.5404   -0.0159678
600           3681.18      4.19457      4.84278       1      44.0016
      8.39068     -1.50203      46.7231      16.5815   -0.0145915
600           3859.87      4.09223      5.07861       1      43.9515
      7.46133      3.89291      46.7231      16.6016   -0.0139533
600           4014.00      3.95310      5.30667       1      43.7681
      8.10604     -1.79003      46.7231      16.6209   -0.0146544
600           4141.15      4.05479      5.52222       1      44.0555
      7.50689      6.76357      46.7231      16.6390   -0.0130705
600           4250.17      3.90248      5.74056       1      43.6086
      7.55145      3.32516      46.7231      16.6571   -0.0148834
600           4336.71      3.89982      5.95500       1      43.6831
      7.80740      3.78376      46.7231      16.6747   -0.0139042
600           4780.74      3.90262      6.37083       1      44.3221
      7.25768      15.2870      58.1150      8.27980  -0.00754343
600           714.192      9.19702      1.80639       2      44.0474
      8.59450     0.911226      17.2181      35.3732   -0.0374258
600           4765.56      3.97395      6.59000       1      44.1258
      7.89736      8.58518      58.1150      8.29840  -0.00848803
600           4723.49      3.83679      6.80667       1      43.8909
      7.15598      8.49544      58.1150      8.31657  -0.00822321
600           3477.06      4.70867      7.06083       2      44.1152
      8.82726   -0.0738714      74.8497     -17.3724  -0.00338835
600           3333.78      4.75126      7.29028       2      44.0873
      8.27430      1.56647      74.8497     -17.3544  -0.00588731
600           3185.56      4.95391      7.50667       1      43.8070
      8.71617   -0.0336373      74.8497     -17.3372  -0.00750435
600           2896.17      5.16270      7.89028       1      44.3282
      8.11726      2.96616      74.8497     -17.3061  -0.00564999
600           2720.24      5.41228      8.10722       1      44.3059
      8.20929      8.30138      74.8497     -17.2883  -0.00568550
600           2524.08      5.77136      8.34000       1      44.2822
      7.58550      5.03950      74.8497     -17.2691  -0.00550094
600           1891.38      7.00242      9.06222       1      43.9540
      8.71290      2.70588      74.8497     -17.2091  -0.00403174
600           1703.02      7.34355      9.27778       1      43.9347
      7.98196      4.48640      74.8497     -17.1913  -0.00586950
600           851.006      8.85189      2.02361       2      44.0893
      8.25176      4.86958      17.2181      35.3940   -0.0362562
600           1368.83      8.49992      9.67278       1      43.9916
      8.47513      2.25698      74.8497     -17.1590  -0.00398672
600           1082.79      8.02502      2.30667       2      43.9107
      8.64933      1.11001      35.2642      23.7683   -0.0222239
600           1290.38      7.52928      2.57389       1      43.9028
      8.33477      4.20199      35.2642      23.7896   -0.0235921
600           1453.12      7.20620      2.77306       1      43.8640
      8.32464      7.16437      35.2642      23.8057   -0.0203955
600           2192.33      6.05797      3.29000       2      44.2486
      8.00054      11.0469      46.7231      16.4510   -0.0125620
600           2415.82      5.73222      3.50639       1      44.0211
      7.94266      6.44213      46.7231      16.4687   -0.0122106
600           2638.80      5.51595      3.72333       1      44.1424
      8.22479      10.2223      46.7231      16.4866   -0.0122849
300           328.023      14.3555      1.46694       4      44.9012
      8.98333      3.00393     -41.5263      36.4903  -0.00863989
600           1689.41      7.32796      3.03361       3      44.9250
      8.00983      6.96024      53.4891      3.96805   -0.0116785
600           1852.01      6.93664      3.23361       2      44.8229
      8.22641      6.45155      53.4891      3.97767  -0.00952494
600           2002.11      6.68696      3.42028       2      44.8227
      7.71679      10.1436      53.4891      3.98696  -0.00880649
600           2156.94      6.37531      3.61694       2      44.6841
      8.18746      5.92262      53.4891      3.99705  -0.00987907
600           2297.86      6.11123      3.80167       2      44.6652
      7.75121      10.4963      53.4891      4.00679  -0.00883305
600           2524.83      5.76202      4.11694       2      44.8507
      7.85867      10.1460      53.4891      4.02395  -0.00909688
600           2647.29      5.86619      4.30056       2      44.7597
      8.83177      7.81711      53.4891      4.03422   -0.0102128
600           2762.19      5.42399      4.48556       2      44.9679
      7.41118      12.0416      53.4891      4.04477   -0.0101738
600           2874.74      5.29851      4.68361       2      44.6051
      8.02746      8.61359      53.4891      4.05625  -0.00781609
600           2977.09      5.29102      4.88500       2      44.4287
      8.20426      9.80712      53.4891      4.06809  -0.00782175
300           359.512      15.0833      1.60028       4      44.8281
      8.53682      11.0333     -41.5263      36.4962   -0.0100281
600           3072.68      5.16523      5.10194       2      44.6007
      8.04036      12.2701      53.4891      4.08102  -0.00786643
600           3556.36      4.51547      5.43389       1      44.5685
      7.61582      8.28754      53.4985      8.60625  -0.00671353
600           3627.90      4.51559      5.65111       1      44.5383
      8.07195      6.86197      53.4985      8.62200  -0.00803780
600           3679.41      4.45114      5.86694       1      44.4909
      7.42836      9.68524      53.4985      8.63761  -0.00790161
900           9345.29      2.92737      6.11694       3      44.4327
      6.69093      3.72687      76.8859     -12.5299  -0.00570100
900           8827.97      3.09688      6.41694       3      44.4046
      7.32387      5.23285      76.8859     -12.4995  -0.00236865
900           8304.37      3.06742      6.70056       3      44.2660
      7.38708    -0.626470      76.8859     -12.4703  -0.00949614
900           7552.52      3.41392      7.08417       2      44.8116
      7.12234      9.93184      76.8859     -12.4300  -0.00511767
900           6936.31      3.57061      7.38500       2      44.4791
      7.73170      6.74480      76.8859     -12.3981  -0.00102538
900           6344.17      3.67151      7.66722       2      44.6181
      7.23784      7.45013      76.8859     -12.3681  -0.00288676
300           387.799      14.6963      1.71778       4      44.4123
      8.77497    -0.268828     -41.5263      36.5012   -0.0110330
900           5774.00      3.84553      7.93583       2      44.3101
      7.75135      2.30437      76.8859     -12.3396  -0.00328078
600           4964.42      4.22530      8.31750       2      44.3563
      8.82340     -3.73472      76.8859     -12.2993  -0.00455972
600           4545.59      4.75468      8.51750       3      44.6541
      8.63568      6.37488      76.8859     -12.2785 -0.000245445
600           4126.43      4.77821      8.72111       3      44.5426
      7.98163      2.43527      76.8859     -12.2574  -0.00399679
600           3720.03      5.43410      8.92333       3      44.5862
      7.44008      10.9210      76.8859     -12.2368 -0.000208364
600           3310.23      5.75780      9.13389       3      44.4694
      8.23402      3.65677      76.8859     -12.2157  -0.00141466
600           2931.68      6.29548      9.33639       3      44.2203
      8.10692      2.22594      76.8859     -12.1958  -0.00411752
600           1418.07      8.69381      9.75250       2      44.7081
      8.08686      3.47890      69.9672     -26.9204  -0.00286725
600           1237.74      9.45301      9.95083       3      44.6512
      8.44575      4.17397      69.9672     -26.9005  -0.00300327
300           1067.63      9.96757      10.1506       3      44.7096
      8.37909      4.07506      69.9672     -26.8807  -0.00359477
300           420.122      14.8571      1.85056       4      44.5230
      9.56021      3.31356     -41.5263      36.5064  -0.00790590
300           987.110      10.3832      10.2506       3      44.5409
      8.77395      5.60788      69.9672     -26.8709  -0.00171356
300           909.849      10.8904      10.3506       3      44.7667
      8.48393      2.38055      69.9672     -26.8611  -0.00358154
300           835.551      11.4094      10.4511       3      44.8317
      8.00394      11.1085      69.9672     -26.8514  -0.00111886
300           765.510      11.4370      10.5506       3      44.7521
      8.23109      5.80960      69.9672     -26.8418  -0.00300887
300           666.499      12.8018      10.7006       3      44.6079
      8.91633      5.42819      69.9672     -26.8275  -0.00127556
300           601.709      12.8697      10.8061       3      44.6342
      8.38089      1.04448      69.9672     -26.8176  -0.00233703
300           546.282      13.8273      10.9022       3      44.6643
      8.76597      3.67205      69.9672     -26.8087  -0.00199748
300           484.467      13.8960      11.0172       3      44.6726
      8.08905      7.67359      69.9672     -26.7982  -0.00132853
300           433.528      15.0079      11.1197       3      44.6765
      8.59038      8.45307      69.9672     -26.7889  -0.00109782
300           387.607      15.2632      11.2197       3      44.5784
      8.55984      3.15246      69.9672     -26.7799  -0.00404950
300           444.495      13.9891      1.95028       4      44.4108
      8.54031      5.07949     -41.5263      36.5101  -0.00802138
300           346.410      15.6988      11.3172       3      44.5473
      8.43171      3.12414      69.9672     -26.7713  -0.00656227
300           472.949      14.3965      2.06694       5      44.3882
      8.66078      3.71592     -41.5263      36.5143   -0.0146037
300           1655.32      6.79602      2.40056       3      45.4666
      7.81022      14.5044      33.0560      25.1197   -0.0125557
600           1806.37      6.86324      2.51750       3      44.7568
      7.71619      4.46208      33.0560      25.1312   -0.0264530
600           1529.23      8.15121      2.83667       3      45.2472
      8.03704      12.3281      53.4891      3.95892  -0.00823927
300           724.894      9.44553      1.85139       2      45.1247
      8.47100      11.3629      35.2642      24.4363   -0.0126023
600           1232.82      8.29982      2.41917       3      45.0866
      8.49945      8.86160      53.4985      8.77611  -0.00861487
600           1399.55      7.74831      2.61806       2      45.1031
      8.26247      7.50103      53.4985      8.78739  -0.00830985
600           1573.25      7.52262      2.81889       2      44.9550
      8.33067      9.57655      53.4985      8.79919  -0.00830184
600           1750.33      6.89096      3.01972       2      44.8759
      8.39972      7.98553      53.4985      8.81137  -0.00761652
600           2089.07      6.11011      3.40139       2      44.6480
      9.04875      4.35422      53.4985      8.83547  -0.00945962
600           2253.95      5.97671      3.58972       2      44.5490
      8.31491      6.48107      53.4985      8.84778   -0.0103249
600           2421.34      5.71732      3.78528       2      44.4980
      7.87670      10.9247      53.4985      8.86081  -0.00737942
600           2679.35      5.50420      4.10111       2      44.9583
      7.64454      14.4439      53.4985      8.88235  -0.00642823
600           2833.40      5.01224      4.30250       1      44.5888
      7.64652      9.93860      53.4985      8.89636  -0.00941117
600           2808.94      5.10101      4.66806       2      44.3181
      8.11004      5.87199      53.4891      4.38160  -0.00680287
600           2910.55      5.27417      4.86861       2      44.4591
      8.14421      11.1642      53.4891      4.39341  -0.00919148
900           2999.36      5.07666      5.06889       2      44.2047
      7.92714      10.7224      53.4891      4.40535   -0.0106142
900           12552.2      2.54857      5.65222       3      44.5348
      7.55732     -1.32406      72.9635     -6.59176  -0.00668033
900           12081.0      2.59672      5.95306       3      44.6230
      7.04316      6.64637      72.9635     -6.56082  -0.00176934
900           11570.3      2.59450      6.23500       2      44.3610
      6.40212      6.02626      72.9635     -6.53131  -0.00432809
900           10949.5      2.76255      6.54028       2      44.5099
      7.45545      4.63550      72.9635     -6.49893  -0.00560789
900           10056.1      2.86946      6.93528       2      44.5774
      6.78566      8.75780      72.9635     -6.45668  -0.00202050
900           9364.31      3.04229      7.21833       2      44.2354
      7.19826      7.72280      72.9635     -6.42632  -0.00140209
900           8634.68      3.29440      7.50306       2      44.3643
      7.74420      6.38506      72.9635     -6.39588  -0.00194958
300           268.928      10.9737     0.886667       3      44.7896
      9.05808     -3.05298      17.2181      35.9192   -0.0192298
900           7886.40      3.23995      7.78556       2      44.2414
      7.03615      4.55951      72.9635     -6.36591  -0.00419686
900           6760.27      3.78025      8.20167       3      44.5361
      7.40711      7.58936      72.9635     -6.32245  -0.00302327
900           5990.89      4.14285      8.48528       3      44.4350
      7.89350      6.09722      72.9635     -6.29349  -0.00124970
900           5092.41      4.66316      8.82194       3      44.3939
      7.78257      5.27301      72.9635     -6.26001  -0.00526044
600           4271.88      5.15075      9.14083       3      44.3113
      8.38427      3.20156      72.9635     -6.22936  -0.00998752
600           1648.44      7.66304      9.50083       2      44.5511
      8.44280      5.62445      69.9674     -26.5603  -0.00188265
600           1453.09      8.09017      9.70083       2      44.5846
      7.90098      7.60928      69.9674     -26.5401  -0.00190912
600           1267.13      8.88041      9.90194       3      44.6323
      8.78881      7.77016      69.9674     -26.5199 -0.000833465
600           1094.03      9.45912      10.1017       3      44.4616
      8.46160      4.30005      69.9674     -26.5001  -0.00286127
600           933.305      10.2087      10.3017       3      44.5584
      8.33868      6.67441      69.9674     -26.4804 -0.000584654
300           306.104      11.1323      1.00111       3      44.8330
      8.55764     -1.15662      17.2181      35.9294   -0.0142003
300           740.909      10.7729      10.5672       3      44.6195
      8.30611      4.57448      69.9674     -26.4549  -0.00635990
300           665.049      11.0219      10.6828       3      44.6440
      8.36868     0.723097      69.9674     -26.4439  -0.00102911
300           602.365      11.6327      10.7844       3      44.6040
      8.48461      3.47262      69.9674     -26.4344  -0.00189577
300           543.532      12.7159      10.8861       3      44.6859
      8.80646      7.48420      69.9674     -26.4250  -0.00147684
300           465.081      13.0694      11.0336       3      44.6949
      8.78987      4.35551      69.9674     -26.4115 -0.000473139
300           358.030      10.2522      1.18472       2      44.7798
      8.15328      6.74727      24.0337      30.0997   -0.0142912
300           409.838      9.91309      1.31833       1      44.8804
      8.67970      3.55117      24.0337      30.1098   -0.0133629
300           521.100      10.1118      1.48500       2      44.8851
      9.08193    0.0416492      35.2642      24.4089   -0.0119911
300           601.455      9.71998      1.63778       2      44.9922
      9.03710      5.82012      35.2642      24.4202   -0.0126065
300           656.396      9.51700      1.73556       2      44.9260
      8.77584      6.81761      35.2642      24.4275  -0.00662174
