           44.0       2  1025.72D0  0.882D0  1.00000D10
       7     600      2.71694     -90.6000      2.50000     -44.6000
      100.700      45.9000      214.370       1      72.3044      99.1701
      8.42450      12.3471      6.02919      0.00000      0.00000
       8     600      2.91361     -88.8000      4.60000     -42.3000
      102.200      46.5000      247.187       1      72.3044      99.1701
      8.43791      12.6570      6.14084      0.00000      0.00000
      10     600      3.12222     -87.4000      6.90000     -39.8000
      103.700      47.6000      284.492       1      72.3044      99.1701
      8.45206      12.5066      6.17781      0.00000      0.00000
      11     600      3.30861     -86.3000      9.00000     -37.4000
      104.900      48.8000      319.325       1      72.3044      99.1701
      8.46459      12.2393      6.15634      0.00000      0.00000
      14     600      3.59861      89.0000      4.30000     -33.7000
      106.800      122.800      395.473       1      59.5560      72.7688
     -1.86351      12.1609      6.23501      0.00000      0.00000
      15     600      3.79500      91.1000      2.10000     -31.2000
      107.900      122.200      436.410       1      59.5560      72.7688
     -1.84940      11.7404      6.23942      0.00000      0.00000
      17     600      3.99000     -156.100     0.100000     -28.5000
      109.000      127.600      476.372       1      59.5560      72.7688
     -1.83536      11.3848      6.28697      0.00000      0.00000
      18     600      4.16944     -91.2000      2.00000     -26.1000
      109.900      65.1000      511.965       1      59.5560      72.7688
     -1.82244      11.2537      6.24868      0.00000      0.00000
      20     600      4.37000     -89.1000      4.20000     -23.3000
      110.800      65.8000      549.783       1      59.5560      72.7688
     -1.80803      11.1039      5.90627      0.00000      0.00000
      21     600      4.54889     -87.8000      6.20000     -20.8000
      111.500      67.0000      581.266       1      59.5560      72.7688
     -1.79524      11.0199      5.90163      0.00000      0.00000
      22     600      4.72778     -86.7000      8.10000     -18.2000
      112.200      68.5000      610.193       1      59.5560      72.7688
     -1.78253      11.0128      6.06274      0.00000      0.00000
      25     600      5.06556      88.8000      4.60000     -13.2000
      113.200      102.100      680.728       1      43.4450      67.6956
     -12.4870      10.5553      6.35995      0.00000      0.00000
      26     600      5.24167      90.4000      2.70000     -10.6000
      113.600      101.000      700.169       1      43.4450      67.6956
     -12.4741      10.2998      6.19335      0.00000      0.00000
      27     600      5.41944      95.9000     0.700000     -8.00000
      113.900      103.900      715.820       1      43.4450      67.6956
     -12.4610      10.4763      6.17546      0.00000      0.00000
      28     600      5.61722     -92.3000      1.50000     -5.00000
      114.100      87.3000      728.299       1      43.4450      67.6956
     -12.4464      10.5558      6.42301      0.00000      0.00000
      33     600      6.38028     -68.8000      4.60000      6.60000
      114.000      75.4000      716.645       1      38.0456      69.8379
     -15.5995      10.7455      6.03894      0.00000      0.00000
      35     600      6.58250     -73.9000      6.70000      9.60000
      113.700      83.5000      702.034       1      38.0456      69.8379
     -15.5852      10.8018      6.34619      0.00000      0.00000
      36     600      6.77972     -76.0000      8.80000      12.6000
      113.300      88.6000      682.711       1      38.0456      69.8379
     -15.5712      10.7620      6.17717      0.00000      0.00000
      38     600      7.12139     -77.2000      12.4000      17.6000
      112.300      94.7000      638.301       1      38.0456      69.8379
     -15.5475      11.1467      6.45836      0.00000      0.00000
      40     600      7.32306     -77.1000      14.6000      20.5000
      111.600      97.6000      606.290       1      38.0456      69.8379
     -15.5337      11.0292      5.95106      0.00000      0.00000
      42     600      7.67611     -54.1000      2.60000      25.5000
      110.100      79.6000      526.578       1      22.2883      72.8983
     -24.0329      11.5373      5.96292      0.00000      0.00000
      44     600      7.88278     -69.1000      4.60000      28.3000
      109.100      97.3000      485.970       1      22.2883      72.8983
     -24.0184      11.9178      6.03598      0.00000      0.00000
      45     600      8.06528     -73.7000      6.50000      30.7000
      108.100      104.500      448.670       1      22.2883      72.8983
     -24.0056      12.0233      6.08104      0.00000      0.00000
      46     600      8.24917     -75.8000      8.50000      33.2000
      107.000      109.000      410.297       1      22.2883      72.8983
     -23.9928      12.4629      6.13871      0.00000      0.00000
      49     600      8.55500     -77.1000      11.8000      37.1000
      105.100      114.200      346.314       1      22.2883      72.8983
     -23.9718      13.2589      5.88918      0.00000      0.00000
      50     600      8.77972     -77.2000      14.2000      39.9000
      103.600      117.100      300.559       1      22.2883      72.8983
     -23.9566      13.9585      6.10245      0.00000      0.00000
       3     600      5.17250      74.1000      6.80000     -11.7000
      113.100      85.8000      671.362       1      38.0456      69.8379
     -15.1004      9.68523      6.52816      0.00000      0.00000
       5     600      5.37278      69.3000      4.70000     -8.80000
      113.500      78.1000      689.914       1      38.0456      69.8379
     -15.0862      9.59437      6.21490      0.00000      0.00000
       6     600      5.57139      55.9000      2.80000     -5.80000
      113.800      61.7000      703.262       1      38.0456      69.8379
     -15.0721      9.25732      5.95806      0.00000      0.00000
       8     300      5.77222      5.20000      1.50000     -2.80000
      114.000      8.00000      711.432       1      38.0456      69.8379
     -15.0577      9.45889      6.13570      0.00000      0.00000
       9     300      5.95722     -50.3000      2.40000      0.00000
      114.000      50.3000      714.104       1      38.0456      69.8379
     -15.0445      9.36800      6.29923      0.00000      0.00000
      11     300      6.15667     -67.6000      4.30000      3.10000
      114.000      70.7000      711.727       1      38.0456      69.8379
     -15.0303      9.43512      6.37360      0.00000      0.00000
      15     300      6.68694     -76.6000      9.90000      11.0000
      113.200      87.6000      679.403       1      38.0456      69.8379
     -14.9929      10.2591      6.07401      0.00000      0.00000
      18     300      7.31639     -72.7000      6.00000      20.2000
      111.400      92.9000      589.746       1      27.4608      71.4340
     -20.9327      10.5023      6.16890      0.00000      0.00000
      19     600      7.50444     -75.4000      8.00000      22.8000
      110.600      98.3000      557.445       1      27.4608      71.4340
     -20.9194      10.7671      5.94252      0.00000      0.00000
      21     600      7.69750     -76.7000      10.0000      25.5000
      109.800      102.200      521.613       1      27.4608      71.4340
     -20.9060      11.2674      5.87049      0.00000      0.00000
      22     600      7.88250     -77.1000      12.0000      28.1000
      108.900      105.200      485.262       1      27.4608      71.4340
     -20.8932      11.6559      6.07228      0.00000      0.00000
      26     600      8.34556     -73.3000      6.30000      34.2000
      106.200      107.500      380.381       1      17.2403      74.7503
     -25.7517      12.4876      6.26707      0.00000      0.00000
      27     600      8.52972     -75.7000      8.30000      36.5000
      105.100      112.200      342.996       1      17.2403      74.7503
     -25.7390      12.7616      6.21959      0.00000      0.00000
      29     600      8.73028     -76.8000      10.4000      39.0000
      103.700      115.800      303.099       1      17.2403      74.7503
     -25.7253      13.1808      6.06413      0.00000      0.00000
      30     600      8.82389     -77.0000      11.4000      40.2000
      103.100      117.200      284.980       1      17.2403      74.7503
     -25.7189      13.3187      6.08681      0.00000      0.00000
      31     600      8.91611     -77.2000      12.4000      41.3000
      102.400      118.400      267.552       1      17.2403      74.7503
     -25.7127      13.2332      5.90494      0.00000      0.00000
      32     600      9.02472     -77.2000      13.6000      42.6000
      101.600      119.800      247.665       1      17.2403      74.7503
     -25.7054      13.5858      6.25613      0.00000      0.00000
      33     600      9.12306     -77.1000      14.6000      43.7000
      100.900      120.900      230.353       1      17.2403      74.7503
     -25.6989      13.6693      6.28889      0.00000      0.00000
