600           511.965      11.2537      4.16944       1      48.4370
      8.33157      8.09311      59.5560     -1.82244  -0.00541351
600           549.783      11.1039      4.37000       1      48.4515
      7.87503      11.8592      59.5560     -1.80803  -0.00442635
600           581.266      11.0199      4.54889       1      48.4306
      7.86884      12.5935      59.5560     -1.79524  -0.00294968
600           610.193      11.0128      4.72778       1      48.4020
      8.08365      10.8904      59.5560     -1.78253  -0.00599940
600           680.728      10.5553      5.06556       1      48.2856
      8.47994      8.10045      43.4450     -12.4870  -0.00567767
600           700.169      10.2998      5.24167       1      48.1633
      8.25780      7.27517      43.4450     -12.4741  -0.00357991
600           715.820      10.4763      5.41944       1      48.2415
      8.23394      9.49400      43.4450     -12.4610  -0.00155750
600           728.299      10.5558      5.61722       1      48.0720
      8.56401      8.42737      43.4450     -12.4464  -0.00376523
600           716.645      10.7455      6.38028       1      48.3826
      8.05192      5.42035      38.0456     -15.5995    0.0243859
600           702.034      10.8018      6.58250       1      48.0694
      8.46159      5.00537      38.0456     -15.5852    0.0222445
600           682.711      10.7620      6.77972       1      48.0394
      8.23622      5.67915      38.0456     -15.5712    0.0274049
600           638.301      11.1467      7.12139       1      47.9899
      8.61115      2.71616      38.0456     -15.5475    0.0224800
600           606.290      11.0292      7.32306       1      48.0674
      7.93475      6.52889      38.0456     -15.5337    0.0204872
600           526.578      11.5373      7.67611       1      48.0652
      7.95056      7.53489      22.2883     -24.0329  -0.00227156
600           485.970      11.9178      7.88278       1      47.8942
      8.04797      8.40533      22.2883     -24.0184   0.00342077
600           448.670      12.0233      8.06528       1      47.9741
      8.10805      7.45433      22.2883     -24.0056  -0.00567675
600           410.297      12.4629      8.24917       1      47.8258
      8.18494      7.43812      22.2883     -23.9928  -0.00318480
600           346.314      13.2589      8.55500       1      47.9176
      7.85224      8.63519      22.2883     -23.9718  -0.00521882
600           300.559      13.9585      8.77972       1      47.8485
      8.13660      9.29860      22.2883     -23.9566  -0.00420501
600           214.370      12.3471      2.71694       1      48.6064
      8.03892      5.91480      72.3044      8.42450   -0.0234911
600           247.187      12.6570      2.91361       1      48.6335
      8.18778      8.16914      72.3044      8.43791   -0.0134386
600           284.492      12.5066      3.12222       1      48.6462
      8.23708      11.7983      72.3044      8.45206   -0.0111476
600           319.325      12.2393      3.30861       1      48.5353
      8.20846      9.16327      72.3044      8.46459  -0.00933916
600           395.473      12.1609      3.59861       1      48.5934
      8.31334      9.04119      59.5560     -1.86351  -0.00577777
600           436.410      11.7404      3.79500       1      48.4670
      8.31922      9.05026      59.5560     -1.84940  -0.00684667
600           476.372      11.3848      3.99000       1      48.4222
      8.38263      7.33243      59.5560     -1.83536  -0.00644701
600           671.362      9.68523      5.17250       1      43.4899
      8.70421      6.06576      38.0456     -15.1004  -0.00365523
600           557.445      10.7671      7.50444       1      43.4853
      7.92336      8.07329      27.4608     -20.9194 -3.93640e-05
600           521.613      11.2674      7.69750       1      43.5186
      7.82732      10.2468      27.4608     -20.9060 -0.000637790
600           485.262      11.6559      7.88250       1      43.4828
      8.09638      10.2088      27.4608     -20.8932  -0.00305451
600           380.381      12.4876      8.34556       1      43.4504
      8.35609      5.75742      17.2403     -25.7517    0.0121772
600           342.996      12.7616      8.52972       1      43.4278
      8.29279      5.36792      17.2403     -25.7390    0.0162046
300           303.099      13.1808      8.73028       1      43.3750
      8.08550      7.62493      17.2403     -25.7253   0.00810961
300           284.980      13.3187      8.82389       1      43.4609
      8.11575      7.18301      17.2403     -25.7189   0.00409992
300           267.552      13.2332      8.91611       1      43.3357
      7.87325      8.01615      17.2403     -25.7127   0.00559994
300           247.665      13.5858      9.02472       1      43.1803
      8.34151      2.94514      17.2403     -25.7054   0.00254537
300           230.353      13.6693      9.12306       1      43.1724
      8.38519      5.19898      17.2403     -25.6989   0.00150192
600           689.914      9.59437      5.37278       1      43.6029
      8.28653      8.75185      38.0456     -15.0862  -0.00981537
600           703.262      9.25732      5.57139       1      43.6810
      7.94408      7.91062      38.0456     -15.0721  -0.00527871
600           711.432      9.45889      5.77222       1      43.6321
      8.18093      8.28886      38.0456     -15.0577  -0.00391034
600           714.104      9.36800      5.95722       1      43.4823
      8.39898      6.24940      38.0456     -15.0445  -0.00329612
600           711.727      9.43512      6.15667       1      43.5274
      8.49814      5.79478      38.0456     -15.0303  -0.00573530
600           679.403      10.2591      6.68694       1      43.3525
      8.09869      7.21193      38.0456     -14.9929  -0.00442549
600           589.746      10.5023      7.31639       1      43.4957
      8.22521      4.51677      27.4608     -20.9327  0.000641514
