600           4402.07      1.29873      4.90389       3      53.2310
      6.35797      13.9537     -17.3348      8.58935  0.000231304
600           4605.97      3.81969      5.22944       3      52.0948
      7.71727      15.6477     -17.3348      8.60687  -0.00314857
600           4709.12      3.06296      5.41806       3      52.0405
      7.52641      9.05776     -17.3348      8.61639  -0.00409337
600           4797.83     0.947430      5.60083       3      52.8173
      5.00852      2.61925     -17.3348      8.62515  -0.00189141
600           5548.90      3.21097      6.49000       2      52.1068
      6.98629      10.3133      20.1045     -12.3154  -0.00388097
600           5350.22      2.76408      6.71083       2      52.5799
      7.46208      10.6129      20.1045     -12.3000  -0.00314484
600           5167.29     0.912919      6.90028       2      53.0979
      6.52217     0.667686      20.1045     -12.2864  -0.00160947
600           4588.26      3.70772      7.44417       1      52.2957
      7.18646      19.0258      20.1045     -12.2461  -0.00243052
600           4358.60      3.33927      7.64472       1      52.3453
      7.53363      9.49342      20.1045     -12.2308  -0.00375339
600           2832.63      4.78234      3.07750       1      52.1286
      8.04893      14.6715     -17.3348      8.47017  -0.00436002
600           4138.39     0.998059      7.83194       1      52.9380
      7.85328     -8.70327      20.1045     -12.2163  -0.00142026
600           3473.92      4.29518      8.37972       1      52.1927
      7.31013      13.7531      20.1045     -12.1733  -0.00517877
600           3242.71      3.71720      8.56806       1      52.1102
      7.81096      8.49060      20.1045     -12.1584  -0.00157759
600           3018.01      1.34366      8.75167       1      52.9640
      8.66045      2.40528      20.1045     -12.1438  -0.00173396
600           2791.25      4.96536      8.93861       1      52.0822
      8.16027      11.4292      20.1045     -12.1289  0.000519164
600           2567.79      4.63543      9.12556       1      52.2466
      8.16781      9.96834      20.1045     -12.1141 -0.000512865
600           2351.81      1.59532      9.31000       1      53.3758
      7.98188      6.83253      20.1045     -12.0996  0.000911645
600           1531.42      6.83969      9.83500       1      52.0785
      7.85617      8.50448      30.4563     -16.9939 -0.000248102
600           1370.77      6.13665      10.0258       1      52.1942
      7.89033      7.65326      30.4563     -16.9793  -0.00373584
600           1223.28      2.40411      10.2094       1      53.3433
      7.45163      9.10550      30.4563     -16.9654  0.000207813
600           3009.67      1.37757      3.26111       2      53.3190
      7.62914      2.65224     -17.3348      8.48340  -0.00234659
600           936.843      8.81855      10.5986       1      51.9359
      8.31323      6.55992      30.4563     -16.9360  -0.00829285
300           812.658      8.07999      10.7864       1      52.1082
      7.97435      8.39777      30.4563     -16.9220  -0.00133735
300           749.323      2.82171      10.8883       1      53.4988
      7.75635      9.71015      30.4563     -16.9145 -0.000161622
300           689.425      2.89249      10.9894       1      52.7899
      7.31030      10.2639      30.4563     -16.9071 -0.000175876
300           632.487      8.97808      11.0906       1      52.3149
      8.11769      8.80220      30.4563     -16.8997  -0.00225214
300           576.966      10.8207      11.1947       2      52.1944
      8.14735      7.23405      30.4563     -16.8922  -0.00744234
300           517.797      9.18003      11.3131       2      52.1693
      7.70885      8.46129      30.4563     -16.8837  -0.00226079
300           470.551      2.95238      11.4142       2      53.6312
      7.84416     -9.55641      30.4563     -16.8766 -0.000878078
300           424.725      10.1062      11.5192       2      52.2376
      7.93615      11.9615      30.4563     -16.8692 -0.000261628
300           383.167      12.6382      11.6217       2      52.1797
      8.07919      9.12442      30.4563     -16.8621  -0.00314792
600           3191.11      3.79691      3.45139       2      52.2368
      8.07453      11.1782     -17.3348      8.49689  -0.00486836
300           347.740      12.9802      11.7158       2      52.0763
      8.62544      6.10810      30.4563     -16.8557  -0.00366611
300           314.836      12.7133      11.8103       2      51.8885
      8.56174     -1.84063      30.4563     -16.8493  -0.00811045
300           281.900      13.4082      11.9133       2      51.8373
      8.22031      3.13247      30.4563     -16.8424   -0.0110812
600           3520.07      4.10236      3.80583       2      52.2456
      7.05172      17.8146     -17.3348      8.52129  -0.00297906
600           3687.25      1.20402      3.99306       2      53.0438
      6.08560      9.28131     -17.3348      8.53376  -0.00336063
600           3845.12      3.37621      4.17611       2      51.9646
      7.28364      8.51309     -17.3348      8.54563  -0.00747302
600           4126.87      4.05658      4.52389       2      52.0425
      7.98009      15.1091     -17.3348      8.56726  -0.00723894
600           4273.55      3.06728      4.72000       3      52.3573
      7.05112      13.2666     -17.3348      8.57887  -0.00557973
600           5919.60      3.72165      7.39361       1      52.1540
      8.17897      9.94688      19.4766     -8.25550  -0.00575802
600           2395.58      6.54485      9.71083       2      52.2337
      8.26305      8.64629      19.4766     -8.05830  -0.00463200
600           1760.24      7.47181      9.90917       1      52.2934
      8.51278      7.47190      30.5436     -13.9826  -0.00598787
600           1572.01      7.99247      10.1008       1      52.2930
      8.30727      5.47079      30.5436     -13.9669  -0.00556601
600           1211.85      8.69345      10.2950       1      52.3818
      8.37213      5.98999      41.9366     -19.5110  -0.00705956
600           1076.14      9.11350      10.4814       1      52.3344
      8.04565      9.03062      41.9366     -19.4960  -0.00461814
600           967.759      10.3038      10.8064       2      52.2782
      8.49014      4.56829      30.5436     -13.9104  -0.00188044
300           814.186      11.2398      11.0222       2      52.4327
      8.71653      4.98720      30.5436     -13.8938  -0.00306757
300           658.701      11.1858      11.1461       1      52.5960
      8.08024      11.7570      41.9366     -19.4434  -0.00431207
300           607.180      12.0318      11.2433       1      52.2659
      7.92352      11.6055      41.9366     -19.4358  -0.00567165
300           561.500      11.7923      11.3339       1      52.2277
      8.01882      7.65809      41.9366     -19.4288  -0.00385290
600           5620.21      3.74376      7.59250       1      52.1950
      7.23678      14.4798      19.4766     -8.23858  -0.00291064
300           448.324      12.0950      11.5017       1      52.1702
      8.08422      4.98693      53.4034     -24.2215  -0.00234594
300           412.303      12.2888      11.5947       1      52.2861
      7.87260      9.16561      53.4034     -24.2144 -0.000612581
300           376.918      12.8216      11.6917       1      52.1707
      7.85957      7.95780      53.4034     -24.2071  -0.00179677
300           344.843      13.0740      11.7853       1      51.9882
      8.19917      6.06803      53.4034     -24.2000  -0.00219258
300           314.490      13.4227      11.8800       1      52.0790
      8.47834      1.56281      53.4034     -24.1928  -0.00345373
300           284.350      13.0120      11.9814       1      52.1333
      7.53322      2.72003      53.4034     -24.1852  -0.00625372
300           248.409      13.6179      12.1147       1      52.1320
      7.79717      3.77100      53.4034     -24.1753   -0.0117650
600           4184.65      4.61184      7.78194       2      52.3532
      8.94782      5.58845      30.5436     -14.1578  -0.00528375
600           3971.20      4.71397      7.96639       1      52.3799
      8.24080      9.86277      30.5436     -14.1432  -0.00335075
600           4098.05      4.80474      8.56500       1      52.4213
      8.10599      17.6827      19.4766     -8.15480  -0.00279276
600           3820.79      4.80389      8.74222       1      52.3124
      7.66110      13.8593      19.4766     -8.13956  -0.00133678
600           2815.54      5.78405      8.94694       1      52.1782
      8.73003      8.17508      30.5436     -14.0628  -0.00622929
600           2610.19      6.01888      9.12472       1      52.1717
      8.46028      5.06560      30.5436     -14.0480  -0.00587604
600           2678.77      6.02358      9.50611       1      52.4279
      8.12038      8.10401      19.4766     -8.07508  -0.00729520
600           7970.63      2.72456      3.92778       2      51.9020
      7.39307      12.7546     -40.0319      17.5783   -0.0112699
900           2405.30      5.66884      8.05083       3      52.1021
      7.34123      14.5976      46.7231     -24.0082  -0.00635930
900           2229.10      5.91217      8.32694       3      51.9959
      8.00229      10.8537      46.7231     -23.9937  -0.00732411
600           1885.06      6.37595      8.84444       2      52.0754
      8.42906      9.30441      46.7231     -23.9640  -0.00426893
600           1765.50      6.63341      9.02139       2      52.0799
      8.38761      14.6271      46.7231     -23.9531   -0.0109299
600           1648.44      6.95491      9.19472       2      52.0714
      7.87561      13.2801      46.7231     -23.9422  -0.00537426
600           1521.82      7.22033      9.38333       2      51.9345
      7.98398      12.3111      46.7231     -23.9300  -0.00629190
600           1139.86      7.97004      9.97250       2      51.9970
      8.42369      11.9440      46.7231     -23.8898   -0.0102790
600           1026.75      8.71217      10.1575       1      51.9880
      7.92026      11.2112      46.7231     -23.8767  -0.00709599
600           921.591      9.21729      10.3364       1      52.0161
      8.15207      10.6872      46.7231     -23.8638  -0.00388379
1200          8456.33      2.64345      4.12000       2      51.7587
      7.06591      15.1257     -40.0319      17.5982   -0.0195825
600           821.615      9.66060      10.5144       1      51.8027
      8.75130      7.43430      46.7231     -23.8509  -0.00473324
300           722.692      10.3213      10.7006       1      51.9416
      8.61174      9.62496      46.7231     -23.8372  -0.00260467
300           627.344      10.5217      10.8922       1      51.8127
      8.17850      6.43981      46.7231     -23.8230  -0.00226397
300           583.986      11.2216      10.9844       1      51.9944
      7.89717      17.0626      46.7231     -23.8161  -0.00279433
300           535.728      11.1255      11.0917       1      51.8072
      8.65765      6.90995      46.7231     -23.8081 -0.000639404
300           495.661      11.4455      11.1850       1      51.9194
      7.63494      8.85808      46.7231     -23.8011 -0.000522834
300           451.923      11.3824      11.2922       1      51.8597
      7.85373      11.4958      46.7231     -23.7931  -0.00767190
300           414.637      12.0863      11.3889       1      51.9254
      7.33881      12.1298      46.7231     -23.7859  -0.00255045
1200          9420.81      2.45622      4.50278       2      51.8556
      6.75703      17.0592     -40.0319      17.6377   -0.0196990
1200          10644.6      2.35547      4.99750       2      51.8278
      6.10483      19.1347     -40.0319      17.6878   -0.0186034
1200          11859.9      2.28153      5.51028       3      51.7335
      6.34214      13.8483     -40.0319      17.7382   -0.0198349
1200          67963.3      1.41453      5.89500       2      51.8151
      5.67430      21.4063     -29.2131      12.3931   -0.0345359
1200          13913.7      2.27276      6.48028       3      51.5428
      6.34789      15.3522     -40.0319      17.8264   -0.0197447
1200          14675.1      2.41885      6.90417       3      51.5700
      6.00514      16.6964     -40.0319      17.8611   -0.0189146
1200          15324.5      2.50615      7.32056       4      51.6128
      5.76273      13.4553     -40.0319      17.8924   -0.0217711
