300           564.359      8.00697      2.25167       2      46.6101
      8.59202      14.7700      64.9690      16.6146  -0.00666441
600           1694.15      5.54743      4.28583       1      45.6983
      8.15958      17.1951      64.9690      16.7868   -0.0112633
600           2023.93      5.26806      4.60083       1      45.5785
      8.79611      8.85328      76.4809      7.73219   -0.0120787
600           2118.95      5.23189      4.80056       1      45.5905
      8.96934      7.67491      76.4809      7.74985  -0.00903813
600           2197.31      5.19174      4.98389       1      45.5694
      8.24903      13.7839      76.4809      7.76611  -0.00876045
600           2276.79      5.05791      5.19722       1      45.8997
      8.47817      14.3509      76.4809      7.78504   -0.0112722
600           2335.55      4.85864      5.38500       1      45.5370
      9.05626      4.11709      76.4809      7.80168  -0.00988512
600           2408.58      4.88505      5.69833       1      45.5784
      7.73587      13.2369      76.4809      7.82930  -0.00767902
600           2437.57      5.00677      5.89472       1      45.4417
      8.36656      13.0797      76.4809      7.84646  -0.00364327
600           2350.33      4.66782      6.18417       2      45.6102
      7.49633      10.9437      67.5469     -15.3793  -0.00668618
600           2313.93      4.80844      6.37972       2      45.6311
      8.17715      8.63799      67.5469     -15.3629  -0.00483359
600           612.550      7.57700      2.35222       2      45.9643
      8.31813      9.40652      64.9690      16.6226   -0.0162824
600           2214.91      4.82490      6.74444       1      45.6494
      8.17885      5.48326      67.5469     -15.3317  -0.00328779
600           2136.09      4.98007      6.96667       1      45.8441
      8.72396      7.50929      67.5469     -15.3125  -0.00299408
600           2055.01      5.09960      7.16500       1      45.7033
      8.30609      4.06777      67.5469     -15.2952  -0.00350780
600           1971.73      5.25401      7.34861       1      45.5722
      8.76032      3.84845      67.5469     -15.2791  -0.00591484
600           1812.84      5.63790      7.66361       1      45.8682
      8.41172      11.7414      67.5469     -15.2514 -0.000452879
600           1712.05      5.75771      7.84778       1      45.7160
      8.95789      4.79184      67.5469     -15.2352  -0.00404826
600           1593.99      5.82536      8.05361       1      45.5958
      9.09264      1.96147      67.5469     -15.2172  -0.00381498
600           1328.28      6.02810      8.27028       1      45.7463
      8.01471      9.49013      55.3807     -23.0744  -0.00606882
600           1217.67      6.18514      8.47333       1      45.7283
      7.68929      10.2574      55.3807     -23.0570  -0.00641866
600           1049.80      6.89213      8.77944       1      45.7636
      8.07662      8.13523      55.3807     -23.0308  -0.00749214
600           704.896      7.34713      2.53556       2      45.9769
      8.56646      7.02825      64.9690      16.6373   -0.0155531
600           929.907      7.36072      9.00056       1      45.5696
      8.60211      2.33256      55.3807     -23.0119  -0.00249772
600           830.552      7.68347      9.18806       1      45.4985
      9.13299     -1.89444      55.3807     -22.9960  -0.00444343
600           730.064      8.36600      9.38417       1      45.5709
      8.74360      6.92777      55.3807     -22.9795  0.000620950
600           542.022      8.66636      9.68750       1      45.5658
      8.48989      4.24054      43.1129     -29.1808  -0.00300643
600           463.073      9.33277      9.88611       1      45.7348
      8.71674      6.79283      43.1129     -29.1645   0.00118161
600           396.603      9.61294      10.0667       1      45.6716
      8.65002      4.36883      43.1129     -29.1497  -0.00254796
600           327.799      10.1826      10.2725       1      45.7387
      8.76919      4.57459      43.1129     -29.1329 -0.000403197
600           272.010      10.3481      10.4608       1      45.6244
      8.72499    -0.704474      43.1129     -29.1177   -0.0112060
600           948.373      6.90447      2.98111       1      45.6963
      8.69591      9.50617      64.9690      16.6742   -0.0135704
600           1074.71      6.50339      3.20028       1      45.7670
      8.54422      10.4402      64.9690      16.6928   -0.0143885
600           1201.19      6.09248      3.41639       1      45.6572
      8.87258      8.82753      64.9690      16.7113   -0.0138049
600           1308.18      5.88929      3.59889       1      45.6289
      8.99114      5.12076      64.9690      16.7271   -0.0151271
600           1470.77      5.71572      3.88000       1      45.7724
      8.91553      11.4794      64.9690      16.7515   -0.0134729
600           1574.16      5.48693      4.06389       1      45.8657
      8.46562      10.6402      64.9690      16.7675   -0.0122875
600           414.725      8.56371      1.93806       2      46.0300
      8.49533      11.0156      64.9690      16.9251   -0.0185292
600           1550.28      5.37867      4.09722       1      45.1687
      8.99335      7.32681      64.9690      17.1053   -0.0116526
600           1748.01      5.15089      4.48389       1      45.5616
      7.92371      11.6969      64.9690      17.1388   -0.0109690
600           1838.88      4.87571      4.67861       1      45.3890
      8.23839      7.43454      64.9690      17.1555   -0.0127501
600           2094.70      4.92859      4.87583       1      45.8498
      7.39929      20.4411      76.4809      8.13315  -0.00566034
600           2169.26      4.85168      5.06333       1      45.6126
      8.60950      9.43522      76.4809      8.14975  -0.00759923
600           2258.75      4.81154      5.33139       1      45.5918
      8.25408      14.1197      76.4809      8.17346  -0.00931389
600           2310.65      4.76537      5.52806       1      45.0674
      8.41902      7.50590      76.4809      8.19078  -0.00693382
600           2348.16      4.88753      5.71278       1      45.4724
      8.63986      14.9982      76.4809      8.20696  -0.00514894
600           2375.23      4.86269      5.90528       1      45.5181
      8.43317      13.5066      76.4809      8.22368  -0.00984086
600           532.156      8.31746      2.21583       2      45.8896
      8.80273      12.7535      64.9690      16.9467   -0.0136014
900           10538.8      2.72694      6.47250       3      45.6750
      8.13327      1.70971      61.3326     -8.72518  -0.00389170
900           9819.10      3.00849      6.76278       3      45.5957
      9.12044     -5.11897      61.3326     -8.69314  -0.00451518
900           9077.86      2.93872      7.04028       3      45.3588
      7.68484    -0.762808      61.3326     -8.66264  -0.00198415
900           8052.20      3.33478      7.40194       3      45.5765
      8.22560     0.763218      61.3326     -8.62329  -0.00255171
900           7252.90      3.55096      7.67333       4      45.6265
      7.48482      3.91137      61.3326     -8.59424   0.00120792
900           6452.36      3.80751      7.94111       4      45.6245
      8.08327      5.17663      61.3326     -8.56608  -0.00189404
900           5588.92      4.31672      8.23028       4      45.4439
      8.75702      1.00307      61.3326     -8.53638  -0.00319401
600           4576.88      4.74031      8.57722       4      45.5533
      7.09778      7.25235      61.3326     -8.50191  -0.00442937
600           4034.37      5.20834      8.77056       4      45.2679
      8.58026     0.169629      61.3326     -8.48332  -0.00193086
600           753.991      7.07506      2.66917       2      45.9047
      8.71961      7.89845      64.9690      16.9833   -0.0111696
600           862.140      6.85068      2.87139       2      45.6602
      8.75154      7.21309      64.9690      17.0001   -0.0133607
600           962.616      6.69084      3.05306       1      45.7052
      7.97658      13.8312      64.9690      17.0154   -0.0109351
600           1073.58      6.30327      3.24944       1      45.7416
      8.27000      11.7107      64.9690      17.0321   -0.0163872
600           1227.20      5.94365      3.51833       1      45.8330
      8.31778      14.6172      64.9690      17.0552   -0.0123788
600           1340.04      5.83314      3.71667       1      45.6941
      8.77017      13.5271      64.9690      17.0723   -0.0102782
600           1443.03      5.55644      3.90056       1      45.6543
      8.87658      8.82218      64.9690      17.0882  -0.00984798
300           311.847      9.72586      1.56806       2      46.6842
      8.96945      9.56989      50.2326      18.6586   -0.0102624
600           1123.29      6.93444      3.38333       2      45.9721
      8.41688      8.13997      53.4891      10.9437   -0.0127106
600           1223.27      6.56185      3.58500       2      46.0080
      8.20082      8.54246      53.4891      10.9550   -0.0108011
600           1335.42      6.71539      3.81750       2      46.0012
      7.71986      17.0351      53.4891      10.9681   -0.0118580
600           1429.46      6.42857      4.02083       2      45.6370
      8.03298      10.2677      53.4891      10.9796  -0.00723586
600           1565.32      6.04654      4.33639       1      45.7756
      8.22373      9.68268      53.4891      10.9976   -0.0102220
600           1644.35      5.98390      4.53833       1      45.8509
      8.06115      12.0159      53.4891      11.0091   -0.0105832
600           1713.64      5.90763      4.73278       1      45.6779
      8.60645      10.8642      53.4891      11.0202  -0.00941180
600           1777.78      5.79664      4.93472       2      45.6202
      8.39522      7.42532      53.4891      11.0317  -0.00862083
600           1844.28      5.55846      5.18111       2      45.7456
      8.24628      7.25164      53.4891      11.0456  -0.00954383
900           1909.83      5.48786      5.50167       2      45.8553
      8.07679      8.29984      53.4891      11.0634   -0.0153857
300           361.703      9.51501      1.71917       2      46.5620
      8.34162      15.2475      50.2326      18.6678  -0.00616047
900           1946.34      5.54596      5.78056       2      45.7661
      8.16414      8.64634      53.4891      11.0787   -0.0144119
900           1963.16      5.52093      6.07083       2      45.6106
      8.52749      5.58157      53.4891      11.0942   -0.0119511
900           1957.46      5.76196      6.36917       2      45.8887
      8.17075      10.1264      53.4891      11.1096   -0.0119387
900           2148.86      5.64820      6.88583       2      45.9926
      8.63910      10.6335      65.0980      5.13610  -0.00847284
900           2075.59      5.97947      7.15500       2      45.9919
      8.51317      11.3483      65.0980      5.15362   -0.0102715
900           1979.32      6.18233      7.43306       2      45.9964
      8.00069      9.66720      65.0980      5.17122  -0.00945513
900           1866.69      6.39755      7.70500       2      46.0823
      7.82408      11.5740      65.0980      5.18788  -0.00798968
900           1674.12      7.00011      8.10194       2      45.9510
      8.73796      5.20806      65.0980      5.21106  -0.00741932
900           1309.11      7.23991      8.38556       1      46.0932
      8.96331      3.43487      56.4813     -15.9519  -0.00488981
900           1168.22      7.64041      8.66056       1      46.1488
      8.57899      4.62200      56.4813     -15.9334  -0.00375801
300           441.866      8.96807      1.91806       2      45.8135
      9.07207   -0.0248742      53.4985      16.2492  -0.00615662
900           1027.45      8.10586      8.93139       1      46.1840
      8.52582      4.55341      56.4813     -15.9152  -0.00413134
300           496.013      9.09931      2.05139       2      46.1390
      9.44132      5.02053      53.4985      16.2574  -0.00600684
300           553.260      8.45167      2.18472       2      46.1477
      8.46340      11.1693      53.4985      16.2656  -0.00279019
300           626.537      8.52103      2.36917       2      46.1626
      8.50532      9.18438      53.4891      10.8898  -0.00579377
600           695.879      8.34315      2.51917       2      45.9778
      8.67143      9.59153      53.4891      10.8974  -0.00909091
600           925.903      7.63664      2.99028       2      46.1751
      8.16989      13.1654      53.4891      10.9222  -0.00656058
600           1026.66      7.29168      3.19083       2      45.9067
      8.22875      10.3458      53.4891      10.9331  -0.00986222
600           323.564      8.94464      1.61667       2      45.6396
      8.34483      8.88315      53.4985      16.4815   -0.0282108
600           3251.01      5.16227      3.83694       3      45.5076
      8.16597      10.2123      78.6549     -10.5242   -0.0199764
600           3421.06      4.68881      4.02972       3      45.1845
      8.51437      4.47136      78.6549     -10.5090   -0.0369281
600           1499.50      5.49616      4.25722       1      44.8667
      8.63400      6.03266      53.4891      11.2158   -0.0185844
600           1571.97      5.74626      4.43944       1      45.1599
      8.11856      13.9270      53.4891      11.2261   -0.0147764
600           1732.33      5.34968      4.69944       1      45.1325
      8.13294      9.56995      53.4985      16.6820   -0.0146001
600           9907.12      2.74745      4.93611       4      44.8411
      7.03384    -0.895047      60.1016     -17.4531   -0.0126399
1200          9313.11      2.78815      5.31722       4      45.0784
      6.73062      4.61276      60.1016     -17.4173   -0.0150734
600           2306.85      5.09979      5.95417       2      45.2090
      8.21424      4.65500      60.5037     -19.5356   -0.0100150
600           2283.77      4.99866      6.16333       2      44.9924
      8.64010    -0.685073      60.5037     -19.5213   -0.0116004
600           2252.19      5.06161      6.35111       2      45.0517
      8.61886      6.48062      60.5037     -19.5081   -0.0152027
600           410.564      8.33045      1.86556       2      45.4938
      8.22088      9.51181      53.4985      16.4963   -0.0220954
600           2207.36      4.99981      6.55222       2      45.1940
      8.58960      2.92931      60.5037     -19.4935   -0.0208417
600           2152.68      5.17869      6.75000       2      45.3859
      7.76316      11.4354      60.5037     -19.4789   -0.0112005
600           2084.96      5.34366      6.95667       2      45.0927
      8.96683      2.79357      60.5037     -19.4633   -0.0116691
600           1967.94      5.50088      7.25917       1      45.3219
      8.05625      10.4747      60.5037     -19.4400   -0.0106849
600           1877.31      5.32881      7.46528       1      45.1090
      9.40480     0.751466      60.5037     -19.4239   -0.0173338
600           1788.97      5.35725      7.65111       1      45.2701
      8.39774      2.19510      60.5037     -19.4091   -0.0144585
600           1697.50      5.63761      7.83250       1      45.2508
      8.75832      4.77222      60.5037     -19.3947  -0.00998636
600           1589.32      5.85313      8.03667       1      45.3662
      8.32032      9.54468      60.5037     -19.3783   -0.0123591
600           1483.32      6.11923      8.22917       1      45.2862
      8.34243      8.57009      60.5037     -19.3627   -0.0102045
600           1347.35      6.24712      8.46917       1      45.1381
      9.07910      3.25361      60.5037     -19.3433   -0.0121678
600           462.858      7.79889      2.11556       1      45.3240
      8.94734      4.55354      36.0044      26.3068   -0.0213814
600           1238.51      6.36482      8.65833       1      45.1748
      9.12806      2.36298      60.5037     -19.3281   -0.0129275
600           1074.31      6.16181      8.94333       1      45.1753
      8.54215      4.79352      60.5037     -19.3052   -0.0122730
600           952.441      6.33541      9.15806       1      45.2028
      8.99066      3.77301      60.5037     -19.2880   -0.0180851
600           532.823      7.53156      2.30278       1      45.4477
      8.41918      8.05423      36.0044      26.3185   -0.0201305
600           826.915      8.71837      2.56111       3      45.6782
      8.26864      14.1294      65.7418     -5.96497   -0.0176941
600           932.231      8.17398      2.74556       3      45.5272
      9.32942      7.77842      65.7418     -5.95805   -0.0243073
600           1055.30      7.62431      2.95667       3      45.2749
      9.10049      6.54924      65.7418     -5.94956   -0.0282474
600           1198.23      7.38915      3.20028       3      45.3675
      8.75471      6.78451      65.7418     -5.93906   -0.0181873
600           2946.71      5.46801      3.52861       4      45.4040
      8.44041      7.50919      78.6549     -10.5474   -0.0241673
