300           543.860      9.68136     0.883611       1      53.0623
      8.20927      1.05660     -18.1198      25.4308  -0.00353614
600           1092.60      7.78111      1.95472       2      48.8231
      7.53638      7.02260     -18.1198      25.5009  -0.00414727
600           1195.44      7.14986      2.13028       2      48.7829
      7.68129      5.49508     -18.1198      25.5116  -0.00457238
600           1474.57      88.0914      2.32944       1      50.0530
     0.151961      99.3504     -13.8961      27.1441   -0.0377632
600           1618.43      5.68059      2.52750       2      48.7739
      7.57029    -0.294063     -13.8961      27.1579   -0.0361086
600           1550.13      6.42409      2.71528       2      48.8191
      7.51487      7.68189     -18.1198      25.5451  -0.00193085
600           1661.46      6.40294      2.89667       3      48.8705
      6.82423      12.7184     -18.1198      25.5548  -0.00224053
600           1776.52      6.00371      3.08500       3      48.6253
      7.20577      7.30320     -18.1198      25.5644  -0.00282437
600           1956.72      5.82291      3.38472       3      48.8697
      7.06080      8.98551     -18.1198      25.5788  -0.00106989
600           2063.99      5.65165      3.56778       3      48.7201
      7.27303      7.57094     -18.1198      25.5870  -0.00334215
600           2167.15      5.33575      3.74861       3      48.6612
      6.57331      5.17680     -18.1198      25.5946  1.77039e-05
300           588.999      9.72456     0.986667       1      53.2202
      8.12865      3.94162     -18.1198      25.4379  -0.00440744
600           6278.90      2.97606      4.39556       3      50.1564
      7.88544      10.2643      53.4985     -9.65012  -0.00824818
900           6378.37      2.80320      4.58750       3      49.2400
      8.19144     -2.22292      53.4985     -9.64112   -0.0119318
900           5225.62      3.45060      4.99083       3      48.9588
      7.31979      7.98670      53.5030     -11.8042   -0.0141297
900           5284.73      3.49560      5.26444       3      49.0818
      7.09438      11.3791      53.5030     -11.7932   -0.0134537
900           6542.55      2.80198      5.55306       2      49.0079
      6.68468      6.13672      53.4985     -9.58913   -0.0101406
900           6477.60      2.96306      5.86472       2      49.0693
      6.95839      11.6731      53.4985     -9.57022  -0.00890482
900           5217.36      3.25623      6.17417       2      49.1458
      7.10459      7.43744      53.5030     -11.7510  -0.00691612
900           4944.79      3.30264      6.80583       2      48.9530
      7.59795      4.22701      53.5030     -11.7175  -0.00867008
900           5717.51      2.97010      7.09361       1      48.9722
      6.78598      4.73036      53.4985     -9.48792  -0.00810620
900           5451.03      3.18524      7.37028       1      48.9288
      6.78404      9.09021      53.4985     -9.46813  -0.00987860
300           637.449      8.97459      1.09278       1      53.3678
      7.40269      9.40169     -18.1198      25.4450  -0.00123476
900           4338.21      3.87363      7.64667       2      49.0542
      7.30192      12.3325      53.5030     -11.6689  -0.00584000
900           3794.52      4.14248      8.22750       2      49.1189
      7.45666      8.14481      53.5030     -11.6336  -0.00652324
600           2563.72      5.46652      9.38083       2      49.1727
      7.28985      5.24793      53.5030     -11.5616  -0.00299526
600           2366.17      5.86012      9.56333       2      49.0326
      6.91171      10.0112      53.5030     -11.5503  -0.00437689
600           2429.17      5.76008      9.79028       2      49.0830
      7.71258      7.90509      53.4985     -9.29137  -0.00280399
600           2211.69      6.22741      9.96611       2      49.1570
      7.27754      13.1787      53.4985     -9.27912  -0.00383337
600           2003.20      6.56046      10.1403       2      48.9568
      7.59723      7.45320      53.4985     -9.26717  -0.00409871
600           1483.91      7.86338      10.4325       2      49.1180
      7.15596      10.5386      53.5030     -11.4975  -0.00270727
600           1322.56      8.27890      10.6103       2      48.8902
      7.90773      4.06819      53.5030     -11.4871  -0.00158942
600           1159.20      9.04789      10.8008       2      49.1364
      7.73350      8.30683      53.5030     -11.4761  -0.00182931
300           685.127      8.71692      1.19333       1      48.7279
      7.77853      5.25155     -18.1198      25.4518  -0.00436698
300           937.098      9.96383      11.0833       2      48.8256
      7.58748      5.97787      53.5030     -11.4603  -0.00391324
300           868.152      10.4265      11.1783       2      49.2366
      7.73878      11.1221      53.5030     -11.4550  -0.00204376
300           800.145      10.9265      11.2764       2      48.9791
      8.35863      5.79625      53.5030     -11.4497  -0.00150842
300           730.230      11.1143      11.3825       2      49.0337
      7.43128      10.2811      53.5030     -11.4440  -0.00116825
300           670.422      11.5880      11.4783       2      49.1477
      7.86571      8.91985      53.5030     -11.4390  -0.00170110
300           748.477      8.99288      1.32194       1      48.8124
      7.33693      7.99561     -18.1198      25.4603  -0.00416493
300           798.458      8.25574      1.42000       2      48.5243
      8.03794      3.45737     -18.1198      25.4668 -0.000542168
300           848.477      8.51981      1.51556       2      48.7769
      7.11549      11.0787     -18.1198      25.4730  -0.00185271
300           897.448      7.82567      1.60694       2      48.9969
      7.39820      4.15565     -18.1198      25.4790 -0.000508189
300           948.375      8.26533      1.70000       2      49.0348
      6.98060      15.0461     -18.1198      25.4849  -0.00179887
600           732.330      8.67574      1.46111       2      47.7568
      8.34552      2.63280     -25.7925      29.5317  -0.00789131
900           18106.2      2.19149      4.09000       3      47.8309
      6.61171      14.9022      39.6451      3.84893   -0.0138030
900           30203.7      2.10099      5.06056       3      47.5417
      7.63303      18.3091      41.7940   -0.0838050   -0.0116236
900           13186.2      2.29040      5.45306       3      47.3388
      6.58445      2.51607      54.9952     -10.4028  -0.00676343
900           27078.9      2.07627      5.77250       3      47.5634
      7.31090      23.3109      41.7940   -0.0135950   -0.0113216
900           11905.5      2.22618      6.10528       3      47.6505
      6.26340      7.37187      54.9952     -10.3447  -0.00374695
900           22608.2      2.08647      6.70139       2      48.0306
      6.59208      15.4889      41.7940    0.0838650   -0.0106757
900           12693.9      2.52208      7.03583       1      47.3775
      6.45680      16.2541      46.0303    -0.547517  -0.00612394
900           11963.3      2.54775      7.30667       1      47.4820
      5.94423      17.4043      46.0303    -0.520849  -0.00594253
900           7093.34      3.04981      7.61639       1      47.5865
      6.99713      10.5671      58.9335     -9.79286  -0.00709715
900           6488.12      3.21224      7.93250       1      47.5433
      7.21882      8.91559      58.9335     -9.76243  -0.00415959
600           824.208      8.69163      1.65306       2      47.8715
      8.43318      4.51758     -25.7925      29.5444  -0.00550815
900           5444.86      3.55289      8.46778       1      47.6114
      6.96754      10.2296      58.9335     -9.71070  -0.00625760
900           4911.05      3.99578      8.74250       1      47.4273
      7.93324      2.39839      58.9335     -9.68428  -0.00449814
900           4334.96      4.27889      9.04389       2      47.4280
      7.34298      8.98661      58.9335     -9.65557  -0.00489241
900           3834.96      4.68277      9.31278       2      47.4336
      7.70182      7.78073      58.9335     -9.63030  -0.00335186
900           2850.57      5.42817      9.60083       2      47.2743
      8.01159      4.09163      65.4241     -14.0760  -0.00478673
600           2064.29      6.34722      9.97250       2      47.6142
      7.83946      5.44874      71.9144     -18.2937  -0.00119678
600           1518.27      7.62130      10.1811       1      47.3920
      8.11947      4.62717      84.4871     -25.8341  0.000563290
600           1369.14      7.97554      10.3583       1      47.4678
      7.36958      5.81586      84.4871     -25.8181  -0.00323217
600           1224.71      8.59203      10.5378       1      47.6373
      7.41507      8.52890      84.4871     -25.8020 -0.000619246
600           1073.15      8.59767      10.7367       1      47.6373
      7.41507      8.52890      84.4871     -25.7842 -0.000619246
600           931.832      8.47892      1.86889       2      47.8919
      8.48652      7.03057     -25.7925      29.5584  -0.00573092
600           934.189      9.48066      10.9314       2      47.5998
      7.84614      10.2326      84.4871     -25.7669  -0.00266309
600           823.163      10.2091      11.0981       2      47.7809
      7.58601      9.95544      84.4871     -25.7522 -0.000952381
600           690.182      11.9743      11.3150       2      47.7753
      7.63880      9.28245      84.4871     -25.7333  -0.00110279
300           476.799      13.1612      11.6311       1      47.7413
      8.14028      7.11304      74.8497     -28.4284  0.000564659
300           437.999      13.2508      11.7242       1      47.6938
      8.12586      5.55672      74.8497     -28.4212 -0.000800893
300           400.482      13.7416      11.8194       1      47.5881
      8.23953      3.39451      74.8497     -28.4140 -5.34822e-05
300           360.176      14.0956      11.9289       1      47.8441
      7.74555      7.88946      74.8497     -28.4056 -0.000264190
300           319.171      14.6952      12.0497       1      47.7591
      7.41410      8.90392      74.8497     -28.3965 -0.000132220
300           285.623      14.8767      12.1578       1      47.6530
      7.88723      5.12879      74.8497     -28.3884  -0.00135386
300           258.563      14.8275      12.2528       1      47.5175
      7.57456      1.17768      74.8497     -28.3813  -0.00490937
600           1037.11      7.92622      2.07333       2      47.8569
      8.37771      2.77181     -25.7925      29.5711  -0.00484755
200           230.614      14.0293      12.3606       1      47.4759
      7.51461     -2.11584      74.8497     -28.3733  -0.00890269
600           1131.77      7.85362      2.25333       3      48.1874
      8.11460      9.14559     -25.7925      29.5819  -0.00594232
600           1225.11      7.52373      2.42861       3      47.8878
      7.94660      7.40504     -25.7925      29.5921  -0.00483041
900           77649.5      2.84074      2.97306       4      47.9906
      7.67136      18.4212      35.8807      4.80142   -0.0225872
900           48745.3      2.41097      3.42667       4      47.8149
      7.12545      20.0341      37.5757      4.46276   -0.0192877
900           17434.8      2.39673      3.77306       3      47.9385
      5.26395      17.1965      39.6451      3.82364   -0.0175975
600           1641.51      5.70293      2.95889       3      48.0452
      7.78827     0.362762     -18.1198      25.7705   0.00201522
900           13928.8      2.64430      5.10639       3      48.5150
      7.27981      17.7461      49.2420     -4.56994   -0.0117526
900           14766.6      2.15834      5.71028       2      48.3161
      6.38470      7.34294      46.0303     -2.20194   -0.0103930
900           14286.7      2.25962      5.98250       2      47.9511
      8.78500      6.03773      46.0303     -2.17684  -0.00990748
900           11938.0      2.69237      6.39333       2      48.1743
      8.35978      7.53545      49.2420     -4.45612  -0.00742780
900           11378.9      2.71590      6.66417       2      48.5164
      7.12824      11.3500      49.2420     -4.43047  -0.00830618
900           10378.8      2.78070      7.11056       1      48.7637
      6.90023      16.3954      49.2420     -4.38744  -0.00370088
900           9758.55      3.03578      7.37111       1      48.3764
      7.27407      11.6605      49.2420     -4.36204  -0.00844701
900           9011.49      3.08218      7.67444       1      48.6630
      6.60647      18.2994      49.2420     -4.33238  -0.00611579
900           6323.88      3.44792      8.44083       1      48.5787
      6.92803      12.9193      52.4641     -6.56513  -0.00708746
900           5691.69      3.71135      8.72028       2      48.3717
      7.40489      7.87597      52.4641     -6.53830  -0.00956145
600           1768.72      5.78966      3.17583       3      47.8848
      7.53101      2.84013     -18.1198      25.7809   0.00479352
900           5053.38      4.11664      9.00722       2      48.2262
      8.36237      2.14294      52.4641     -6.51112  -0.00865619
900           3170.34      4.90865      9.30750       1      48.3699
      7.16940      5.77884      65.4241     -15.3972  -0.00620798
600           2609.56      5.48333      9.70833       2      48.5830
      7.44486      8.11821      65.4241     -15.3596  -0.00449086
600           2321.89      5.89575      9.92528       2      48.4665
      7.48455      8.79915      65.4241     -15.3396  -0.00568427
600           2071.65      6.33492      10.1228       2      48.3386
      7.76005      6.70647      65.4241     -15.3216  -0.00277986
600           1858.61      7.06292      10.2992       2      48.2902
      8.10837      2.77495      65.4241     -15.3057  -0.00540200
600           1647.92      7.61870      10.4831       2      48.3681
      8.21204      3.84237      65.4241     -15.2894  -0.00440071
600           1027.33      9.12616      10.6928       1      48.3457
      8.35585      4.65839      86.5679     -29.7190  -0.00236949
600           876.348      9.52762      10.9292       1      48.3724
      7.53914      7.11126      86.5679     -29.6984 -0.000549540
600           769.533      10.1814      11.1086       1      48.2963
      7.94237      5.95945      86.5679     -29.6827  -0.00229797
600           1871.34      5.26549      3.35361       3      48.1796
      6.76789      4.81514     -18.1198      25.7889  -0.00793011
600           623.885      11.0470      11.3761       1      48.4404
      7.35711      7.36056      86.5679     -29.6595  -0.00354786
600           1972.19      5.16627      3.53194       3      47.9855
      7.49364     0.631773     -18.1198      25.7965  -0.00130430
600           2068.73      5.06478      3.70722       3      47.6860
      7.44316     -3.26159     -18.1198      25.8036   0.00516549
600           2164.22      5.17392      3.88639       3      47.8979
      7.21778      1.82792     -18.1198      25.8104   0.00677496
900           16117.2      2.56693      4.12333       3      48.4091
      6.06687      13.5667      46.0303     -2.33264   -0.0129955
900           16067.6      2.45811      4.43111       3      48.2911
      7.16664      11.4787      46.0303     -2.30981   -0.0112706
900           14191.3      2.63384      4.82000       3      48.5434
      7.40924      12.4879      49.2420     -4.59281   -0.0135440
300           430.086      8.32151     0.623889       1      47.6609
      8.40357      3.30596     -18.1198      25.5254   0.00381796
600           1699.17      6.30369      3.00694       3      47.0237
      7.58000      7.28291     -18.1198      25.6709  -0.00385084
600           1814.41      6.29384      3.20028       3      46.9295
      7.28572      6.80823     -18.1198      25.6802  -0.00541697
600           1916.68      6.03301      3.37444       3      47.0004
      6.81113      7.63124     -18.1198      25.6883  -0.00480238
600           2170.68      5.69159      3.82528       3      46.0939
      7.16388      3.58707     -18.1198      25.7071  -0.00654819
600           2277.25      5.44149      4.02639       3      46.0447
      6.42151      6.59970     -18.1198      25.7146  -0.00438380
600           2367.28      5.85942      4.20444       4      46.1596
      7.15293      6.58484     -18.1198      25.7207  -0.00669906
600           2467.06      5.33627      4.41333       4      46.2120
      6.35807      8.48251     -18.1198      25.7273  -0.00735401
600           2546.61      5.55420      4.59139       4      46.1040
      6.71473      10.6501     -18.1198      25.7323  -0.00779218
600           75187.1      2.30333      4.83361       2      45.9905
      6.26121      46.0571      23.7302      12.3572   -0.0319070
600           14999.0      2.20816      5.36778       2      46.4861
      4.96890      13.7521      46.0303     -2.73698  -0.00948524
300           480.795      9.29120     0.755556       1      47.2226
      7.43248      3.84372     -18.1198      25.5344   0.00526972
600           14675.7      2.14062      5.58889       2      46.4586
      6.27796      13.8055      46.0303     -2.71748  -0.00590610
600           8211.99      2.69259      6.63583       2      46.8239
      6.76229      10.2373      58.9335     -11.7286  -0.00228957
900           7908.08      2.70255      6.83528       2      46.4320
      7.24253      1.71952      58.9335     -11.7110  -0.00880073
900           7482.30      2.88694      7.10194       2      46.6166
      6.78011      8.84340      58.9335     -11.6869   -0.0140968
900           6998.05      2.87817      7.39194       2      46.7731
      5.79124      11.6011      58.9335     -11.6601  -0.00785299
900           6210.12      3.19912      7.84444       1      46.7284
      6.94215      10.9040      58.9335     -11.6174  -0.00944024
900           5718.34      3.37138      8.12000       1      46.7147
      6.72423      11.2806      58.9335     -11.5911  -0.00586476
900           5234.66      3.75132      8.38917       1      46.6885
      6.78020      12.7579      58.9335     -11.5653  -0.00419826
900           4735.81      3.83856      8.66750       1      46.5668
      6.64076      8.23533      58.9335     -11.5386  -0.00464304
900           4270.46      4.31737      8.93028       1      46.6559
      6.97964      9.67879      58.9335     -11.5134  -0.00522353
300           520.026      9.55564     0.851944       1      47.0705
      7.21317      6.91128     -18.1198      25.5410   0.00181208
900           3633.04      4.71256      9.30000       2      46.6779
      7.25981      8.00814      58.9335     -11.4784  -0.00852166
900           3183.94      5.19956      9.57139       2      46.6898
      7.31142      6.63976      58.9335     -11.4531  -0.00924209
900           2665.38      6.10355      9.90194       2      46.5713
      7.17738      9.02435      58.9335     -11.4228  -0.00658046
600           2235.76      6.71195      10.1961       2      46.5838
      8.02257      7.87089      58.9335     -11.3966  -0.00260532
600           1989.78      7.36743      10.3761       2      46.5615
      7.35463      10.9217      58.9335     -11.3809  -0.00519931
600           1105.12      9.04321      10.6781       1      46.6216
      7.56166      7.42198      84.4871     -26.9834  -0.00352287
300           975.997      9.03910      10.8617       1      46.4912
      6.85735      6.10363      84.4871     -26.9672  -0.00448982
300           910.262      9.86066      10.9597       1      46.8945
      6.75363      16.1589      84.4871     -26.9585  -0.00168827
300           850.051      10.4163      11.0528       2      46.6243
      7.40788      12.6726      84.4871     -26.9503  -0.00443483
300           787.438      10.3897      11.1533       2      46.6696
      6.90293      6.81476      84.4871     -26.9415  -0.00160703
300           565.441      9.76181     0.958611       1      47.0214
      8.08728      6.95037     -18.1198      25.5482  0.000788819
300           719.685      11.0802      11.2672       2      46.6807
      7.22102      9.85935      84.4871     -26.9315  -0.00331791
300           662.728      11.1584      11.3678       2      46.1492
      8.22240    -0.360448      84.4871     -26.9228  -0.00378954
300           610.266      11.7254      11.4650       2      46.6710
      7.43258      9.37078      84.4871     -26.9144  -0.00349759
300           562.910      11.8349      11.5572       2      46.6144
      7.47923      6.37306      84.4871     -26.9065  -0.00317407
300           511.098      12.5536      11.6639       2      46.7333
      7.27186      7.64293      84.4871     -26.8974  -0.00298331
300           466.175      12.6266      11.7622       2      46.4755
      7.57793      4.41395      84.4871     -26.8890  -0.00428635
300           386.293      13.4216      11.8742       1      46.5669
      7.81843      7.05006      81.0630     -32.3432 -0.000679366
300           354.272      13.6384      11.9650       1      46.3687
      7.38756      6.13534      81.0630     -32.3356  -0.00307957
300           322.775      13.9694      12.0603       2      46.3857
      7.74298      5.09317      81.0630     -32.3276  -0.00515290
300           294.919      14.3813      12.1506       2      46.6007
      7.36145      9.16165      81.0630     -32.3201 -0.000292843
300           607.844      8.96216      1.05417       1      47.1480
      6.92173      9.03329     -18.1198      25.5546   0.00513361
300           651.805      8.69661      1.14972       1      47.0301
      6.85685      8.52820     -18.1198      25.5610   0.00457127
300           707.622      8.69141      1.26667       1      47.2544
      7.45396      8.70670     -18.1198      25.5687   0.00377415
300           754.931      8.43716      1.36250       2      46.9397
      7.95790      1.78489     -18.1198      25.5750   0.00279196
300           808.144      8.46161      1.46722       2      47.0834
      6.88323      12.3368     -18.1198      25.5818   0.00322366
300           279.319      10.3919    0.0930556       1      53.4983
      8.06174      5.70807     -18.1198      25.1259  -0.00465779
600           903.597      7.26787      1.55917       2      53.0155
      7.78381      4.31736     -18.1198      25.2274   -0.0108590
600           1003.35      7.06150      1.73611       2      53.1519
      7.87670      6.95998     -18.1198      25.2390   -0.0111364
600           2581.65      4.49442      3.17361       2      52.7013
      7.84790     -4.98783     -24.3876      35.6696   -0.0281306
600           10738.0      4.20314      3.44917       3      52.5186
      8.15767      43.8514      10.7890      19.4855   -0.0442325
600           8763.41      3.05574      3.67139       2      53.2522
      7.06487      19.9380      29.6058      7.31623   -0.0171256
600           7390.00      3.34371      3.95361       3      53.1156
      7.07251      7.63911      51.6037     -8.34142   -0.0136663
600           6883.88      4.06910      4.19528       4      53.5056
      8.94855      6.62637      56.6847     -11.9184   -0.0106212
600           6981.04      3.91223      4.41500       3      53.1488
      7.77281      10.9531      56.6847     -11.9087   -0.0107002
300           324.232      10.2516     0.245833       1      53.5518
      8.91626      7.95312     -18.1198      25.1367  -0.00435301
600           6717.31      3.44068      4.85417       3      53.0823
      8.78584     -5.54574      59.1353     -13.6287   -0.0109740
900           6724.64      3.42336      5.03333       3      53.4317
      7.41287      13.0791      59.1353     -13.6200   -0.0119466
900           6700.50      3.16819      5.31056       3      52.9926
      7.45416      1.13245      59.1353     -13.6055  -0.00999940
900           6372.02      2.72164      6.15889       2      53.5133
      7.63393      5.59397      59.1353     -13.5552  -0.00681439
900           6192.14      2.74227      6.43028       2      53.5412
      7.30221      2.75244      59.1353     -13.5374  -0.00854137
900           5977.54      2.71327      6.70444       2      53.1339
      7.20474    0.0206070      59.1353     -13.5186  -0.00768316
300           366.189      10.2010     0.375000       1      53.5180
      7.91484      10.7339     -18.1198      25.1458  -0.00583798
300           402.541      9.63619     0.478889       1      53.5272
      7.86814      11.5263     -18.1198      25.1531  -0.00661544
300           452.745      8.69549     0.612778       1      52.9409
      8.59778     -3.41695     -18.1198      25.1626  -0.00429965
300           488.792      8.66835     0.703333       1      53.2011
      7.28723      5.79584     -18.1198      25.1689  -0.00726006
600           535.381      8.88046     0.814722       1      53.2048
      8.02780      6.97154     -18.1198      25.1767  -0.00629764
600           619.833      8.33211      1.00361       1      53.3977
      8.31254      6.62919     -18.1198      25.1898  -0.00959394
600           803.911      7.67505      1.37444       1      53.2171
      8.38258      6.16522     -18.1198      25.2151  -0.00961098
