300           388.965      11.8357      1.21722       3      48.1674
      8.27207      8.26066     -25.7925      28.3571  -0.00467374
600           2444.24      5.28092      2.59667       3      48.0468
      8.45290      6.34240      51.6037      5.11353   -0.0133180
600           2770.86      4.65724      2.82722       3      47.9884
      7.35930      8.06896      51.6037      5.12676  -0.00945301
600           3034.63      4.35144      3.01194       3      47.7180
      8.35474      2.30919      51.6037      5.13786  -0.00897052
600           3303.85      4.17910      3.20111       3      48.1002
      8.42525      4.34716      51.6037      5.14965  -0.00843394
600           3575.79      4.05606      3.39472       2      47.8977
      7.36528      5.97513      51.6037      5.16214  -0.00984117
900           11858.8      2.46390      4.57111       2      48.2027
      6.79357      11.8301      51.6252      6.33527   -0.0197519
900           12305.6      2.35987      4.91250       3      48.3189
      7.17324      12.3344      64.9342     -3.97850   -0.0126784
900           239892.      2.36897      5.30528       3      48.3189
      7.17324      12.3344      46.1910      6.73182   -0.0126784
300           437.942      11.2019      1.37778       3      47.6468
      8.09922      2.02911     -25.7925      28.3642  -0.00258049
300           471.900      11.0398      1.48500       3      48.0563
      7.86924      7.51594     -25.7925      28.3687  -0.00405936
300           500.977      10.9537      1.57472       3      47.8024
      8.50533      3.51821     -25.7925      28.3723  -0.00303537
300           532.425      10.5535      1.67000       3      47.6268
      8.58401    -0.607570     -25.7925      28.3760  -0.00311269
300           562.966      10.7622      1.76111       3      47.7957
      8.51972      1.84296     -25.7925      28.3794  -0.00785305
300           599.197      10.5351      1.86778       3      47.4952
      8.77981      2.45640     -25.7925      28.3833  -0.00427653
300           638.411      10.4315      1.98194       3      47.4918
      8.77308     -2.35412     -25.7925      28.3872  -0.00453812
600           2160.74      5.76518      2.39222       3      47.9924
      8.47151      6.76807      51.6037      5.10239   -0.0145259
300           223.071      13.1914     0.598056       2      48.8912
      7.87094      5.14993     -25.7925      28.1772  -0.00573386
300           499.293      11.2834      1.53806       3      48.9017
      8.08865      4.45140     -23.6475      30.9211  -0.00941120
300           530.367      10.9055      1.62778       3      48.8922
      7.42725      4.84944     -23.6475      30.9253   -0.0109845
300           562.439      10.8033      1.71861       3      49.0284
      7.93513      7.25952     -23.6475      30.9295  -0.00837342
600           1897.99      6.69056      2.55639       3      49.0242
      8.03488      4.70257      53.5030     -1.31675  -0.00787599
600           2114.59      6.42921      2.76361       3      49.2469
      7.77692      9.06083      53.5030     -1.30959   -0.0109174
600           2310.44      5.92049      2.95083       3      49.3614
      7.90922      11.6430      53.5030     -1.30271  -0.00975986
600           2496.17      5.56321      3.13000       3      49.0512
      8.16097      7.84525      53.5030     -1.29576  -0.00784783
600           2674.16      5.26814      3.30472       3      49.1943
      7.76395      10.1406      53.5030     -1.28865  -0.00940772
600           3111.07      4.74729      3.75722       3      49.1996
      8.23515      5.66054      53.5030     -1.26877  -0.00876798
300           247.430      13.3881     0.708889       3      48.8131
      8.46691      7.49916     -25.7925      28.1829  -0.00530904
900           36261.3      2.15086      3.96250       4      49.1261
      6.82434     -2.09338      58.6499     -3.53564   -0.0181351
900           34834.3      2.04023      4.34056       4      48.5985
      8.53095     -14.3268      58.6499     -3.50350   -0.0159008
900           54112.5      1.80525      5.11667       3      48.8075
      8.97186      3.06082      54.5509     0.318964  -0.00964236
1200          48233.6      1.73045      5.78333       3      49.0254
      7.79913    -0.780679      54.5509     0.388666   -0.0128191
1200          44609.8      1.71822      6.17167       3      49.1439
      6.86817      2.24870      54.5509     0.430512   -0.0113484
1200          17242.0      2.14704      6.60306       2      48.9558
      7.47093      2.84089      58.4843     0.603874  -0.00781006
1200          15929.4      2.09172      7.03917       2      48.9431
      7.29594      7.12138      58.4843     0.649823  -0.00609955
1200          13976.3      2.45541      7.59889       2      49.1680
      6.69804      10.4130      58.4843     0.708200  -0.00600614
1200          12586.1      2.80675      7.96306       2      48.9529
      7.57565      8.92994      58.4843     0.745387  -0.00508148
600           3550.78      4.34638      8.41083       1      49.1603
      8.35705      5.75174      73.2899     -10.9368  -0.00206517
300           275.052      13.2048     0.825556       3      48.8645
      8.83206      1.09297     -25.7925      28.1887  -0.00296279
600           3301.50      4.51319      8.61806       1      48.9501
      7.86317      4.27707      73.2899     -10.9191 -0.000942213
600           3090.28      4.76366      8.79167       1      49.1485
      7.31795      3.61885      73.2899     -10.9044  -0.00724808
600           2390.89      5.58511      8.98889       1      49.1397
      8.12956      8.21940      77.0065     -18.6581  -0.00193460
600           2212.29      5.60504      9.16944       1      49.1048
      7.63119      5.15181      77.0065     -18.6431  -0.00324547
600           2002.16      5.97115      9.38417       1      49.1249
      7.79247      6.67452      77.0065     -18.6252  -0.00337878
600           1733.25      6.79425      9.66583       1      49.1756
      7.93082      7.70591      77.0065     -18.6019  -0.00376022
600           1553.77      7.24157      9.86056       1      49.1417
      7.33340      9.05761      77.0065     -18.5859  -0.00168224
300           302.035      13.0095     0.932500       3      48.9091
      8.37215      5.96555     -25.7925      28.1938  -0.00723286
300           328.978      12.4933      1.03389       3      48.6627
      8.81683     -4.10186     -25.7925      28.1986  -0.00465213
300           371.959      11.6844      1.14444       3      48.9033
      7.94214      6.60450     -23.6475      30.9011  -0.00856590
300           406.573      11.5379      1.25667       3      48.8648
      8.16869      5.16354     -23.6475      30.9070   -0.0104533
300           435.726      11.2511      1.34778       3      48.9773
      7.78075      6.13931     -23.6475      30.9117   -0.0112417
300           466.388      11.0363      1.44083       3      49.0330
      7.41530      5.47232     -23.6475      30.9163   -0.0108928
600           11206.1      2.08304      6.69417       2      50.4188
      6.38955      13.1926      50.2637      12.9291  -0.00719774
900           1616.11      7.14494      10.0833       3      50.0808
      8.03873      8.29327      81.3458     -13.5962 -0.000512438
600           1070.57      8.60334      10.4250       3      50.1848
      8.21163      8.19666      82.6071     -18.5558  -0.00561548
600           903.770      9.32592      10.6156       3      49.8930
      8.79766      1.16935      82.6071     -18.5388  0.000868467
600           766.017      10.2183      10.7892       3      50.0526
      8.27760      6.23632      82.6071     -18.5238  -0.00142202
300           248.003      12.1992      11.5561       1      50.0930
      7.57368      2.22655      49.1867     -31.0781  -0.00382205
300           224.715      12.0153      11.6483       1      49.8561
      7.78575     0.257250      49.1867     -31.0713  -0.00828380
1200          11373.5      2.18380      6.92833       3      50.0484
      5.76762      15.4111      50.2637      12.9523  -0.00962453
1200          11529.2      2.30170      7.35306       3      49.8977
      6.29106      13.3425      50.2637      12.9930   -0.0134639
1200          11369.8      2.63296      8.01778       3      50.1145
      6.20647      11.4803      50.2637      13.0525  -0.00758422
1200          10455.1      3.12187      8.41056       3      49.9258
      7.15249      12.1197      56.9297      7.77398  -0.00494500
1200          9576.38      3.38387      8.76417       3      50.0027
      6.69700      13.4749      56.9297      7.80392  -0.00454814
900           6080.00      3.75874      9.19167       3      49.8357
      7.19241      8.02017      63.5519      2.41026  -0.00323048
900           2378.66      5.49625      9.53056       3      50.0251
      8.12193      7.32927      81.3458     -13.6474 -0.000662150
900           1963.73      6.31111      9.81944       3      50.0284
      8.19905      5.95378      81.3458     -13.6203  -0.00190713
300           505.826      11.6210      1.71972       3      49.0356
      9.66070     0.467900     -25.7925      27.7229  -0.00401711
600           3282.68      4.20861      3.94083       2      48.5652
      8.31738      1.31507      45.5833      10.0499   -0.0133201
600           3359.04      4.23565      4.20139       1      48.7793
      7.07871      11.9932      40.8170      13.4830   -0.0105409
600           3535.56      4.09028      4.39417       1      49.0190
      6.86888      17.2622      40.8170      13.4971   -0.0112343
900           3909.96      3.75428      4.84861       1      48.7342
      7.73627      4.83689      40.8170      13.5304   -0.0134231
900           4309.82      3.60150      5.15694       1      48.9173
      7.16707      11.9931      45.5833      10.1379   -0.0142093
900           16994.4      2.06044      5.97306       2      48.5833
      6.21535      6.82720      50.2637      8.73519  -0.00942275
900           11050.8      2.36293      6.30750       2      48.8466
      5.98373      12.1285      36.9324      18.9824   -0.0210511
900           17737.6      2.02709      6.62111       2      48.9112
      6.53389      9.78512      50.2637      8.80320  -0.00881263
900           17835.2      2.01627      6.92028       2      48.6493
      6.32803      10.0184      50.2637      8.83410   -0.0103060
900           12051.7      2.35968      7.27917       2      48.9743
      7.07843      5.40384      63.5519     -1.90876  -0.00522041
600           561.339      11.6697      1.89583       4      48.8635
      7.95067      7.22825     -25.7925      27.7283  -0.00603488
900           17489.8      2.25864      7.56667       3      48.4541
      6.00990      10.3686      50.2637      8.89888  -0.00516494
900           17138.5      2.37312      7.82361       3      48.7133
      6.31913      10.4174      50.2637      8.92362  -0.00794079
900           5506.30      3.25820      8.15917       2      48.7907
      6.78005      2.99277      76.2386     -12.4383  -0.00287805
900           7855.19      3.18784      8.59361       3      48.6757
      6.46908      6.12397      63.5519     -1.77506  -0.00348015
900           6982.56      3.54479      8.85889       3      48.6554
      7.27605      3.96272      63.5519     -1.74967  -0.00408715
900           5185.95      4.06210      9.13333       3      48.8312
      7.37155      4.21179      66.8263     -4.42050  -0.00141843
600           3359.26      5.10253      9.44750       3      48.8576
      7.50392      8.65784      73.2111     -9.70911 -0.000984959
600           2958.10      5.53296      9.65528       3      48.8196
      7.04239      7.52487      73.2111     -9.68961  -0.00441359
600           1235.84      8.43644      9.94833       1      48.8599
      8.03852      6.03539      67.4874     -22.1814 -0.000960986
600           1105.32      8.46537      10.1322       1      48.6868
      7.82260      4.32996      67.4874     -22.1676 -0.000181808
600           1275.10      7.93434      2.13556       2      49.0044
      8.50058      8.80108      40.8170      13.3444   -0.0123516
600           986.346      9.02155      10.3069       1      48.7707
      7.89431      4.38987      67.4874     -22.1546  0.000703887
600           864.617      9.78206      10.4950       1      48.8719
      8.01544      5.79665      67.4874     -22.1407  -0.00219033
300           669.457      10.9190      10.7222       1      49.0261
      7.49108      9.47252      58.7930     -26.7365   0.00157771
300           620.101      10.9697      10.8206       1      48.8204
      7.43796      4.77644      58.7930     -26.7295  -0.00321397
300           567.794      11.6045      10.9292       1      48.7832
      8.32000      5.08750      58.7930     -26.7218  -0.00298804
300           523.405      11.6849      11.0256       1      48.6832
      8.33596    -0.167825      58.7930     -26.7149  0.000971002
300           442.711      12.4428      11.2133       1      49.0159
      7.52633      11.0483      58.7930     -26.7016   0.00103192
300           405.569      12.4513      11.3067       1      48.7308
      7.84852     0.878299      58.7930     -26.6950  -0.00189400
300           362.516      13.3553      11.4219       1      48.8108
      7.61415      6.12301      58.7930     -26.6869  -0.00375811
300           330.652      13.3308      11.5133       1      48.8782
      7.97019      2.63773      58.7930     -26.6804  -0.00411099
600           1461.40      7.21173      2.33611       2      48.8231
      8.26649      6.64982      40.8170      13.3564  -0.00962811
300           300.832      13.6437      11.6047       1      48.7378
      7.91070      3.29655      58.7930     -26.6740  -0.00149287
300           271.303      13.6925      11.7022       1      48.7259
      8.27748      1.52345      58.7930     -26.6672  -0.00420654
600           1632.97      6.71226      2.51278       2      48.7034
      7.97137      7.71788      40.8170      13.3674   -0.0116446
600           1806.51      6.09728      2.68583       2      48.9385
      7.45699      10.8984      40.8170      13.3783   -0.0117773
600           2684.21      4.82817      3.38111       2      48.7544
      8.23423      1.60537      45.5833      10.0117   -0.0111680
600           2896.49      4.65614      3.57528       2      48.8955
      7.61800      6.22388      45.5833      10.0247   -0.0143075
600           3098.50      4.37071      3.76389       2      48.9357
      7.75619      4.90990      45.5833      10.0376   -0.0124282
