600           3270.54      3.80027      3.30472       3      49.2794
      7.60994      6.18488     -46.0613      20.8144   -0.0105678
900           3849.48      3.59987      6.94194       3      49.5897
      8.09901      10.0605      31.1917     -18.4328  -0.00569258
900           3648.44      3.81916      7.23028       2      49.6844
      8.03762      8.33312      31.1917     -18.4173  -0.00144632
600           2606.29      4.37249      8.48556       2      49.9256
      8.24767      5.56302      31.1917     -18.3413  -0.00321703
600           1723.06      5.94352      9.48250       1      49.7622
      8.50697      6.09071      31.1917     -18.2743  -0.00590995
600           3466.43      3.82355      3.48611       3      49.4936
      7.91490      6.43466     -46.0613      20.8312  -0.00913784
600           1096.45      7.69923      10.2719       1      49.9183
      8.27681      9.40136      31.1917     -18.2197  -0.00384758
600           3649.94      3.73005      3.65694       3      49.4718
      7.01592      9.46471     -46.0613      20.8469   -0.0124752
600           3853.60      3.61312      3.84833       3      49.4920
      7.25695      13.1330     -46.0613      20.8641  -0.00894427
900           9661.25      2.11757      4.28472       2      49.4156
      6.28419      7.18674     -44.7055      18.9315   -0.0120693
900           10376.5      2.10064      4.54833       2      49.7215
      5.79539      14.6647     -44.7055      18.9593   -0.0110447
900           11096.3      2.02191      4.81611       3      49.3785
      6.83754      9.50163     -44.7055      18.9872   -0.0101199
900           11787.9      1.84182      5.07722       3      49.6046
      6.25691      15.5807     -44.7055      19.0141   -0.0112916
900           30390.7      1.51800      5.76694       2      49.5264
      6.30518      23.3505     -33.5174      13.8822   -0.0160601
600           1664.57      5.52527      1.87861       2      48.9895
      8.68545      9.62360     -43.4672      19.0225  -0.00872221
900           12289.0      2.19480      5.25611       3      48.7809
      6.48688      24.3500     -45.9122      17.7551   -0.0119700
900           12960.9      1.87376      5.51583       3      48.5626
      6.60585      15.0819     -45.9122      17.7812   -0.0120834
900           14080.5      1.85920      5.96750       3      48.7727
      6.77745      15.2769     -45.9122      17.8249   -0.0111073
900           14698.0      1.74544      6.23056       3      48.9293
      5.49908      10.5646     -45.9122      17.8494   -0.0151872
900           15283.2      1.79211      6.49222       3      48.6776
      6.04350      15.3391     -45.9122      17.8729   -0.0132280
900           15850.3      1.94736      6.76083       4      49.1043
      5.27121      25.8971     -45.9122      17.8960   -0.0109526
900           16359.3      1.98702      7.01833       4      48.3883
      6.11958      21.6508     -45.9122      17.9171   -0.0110410
600           2076.60      5.10365      8.98806       1      49.0274
      8.83149      11.3726      27.9156     -18.1116  -0.00385463
600           1489.04      6.01495      9.17944       2      49.0845
      8.40346      9.34037      49.0035     -25.3277  0.000285257
600           1032.19      7.04544      9.96000       2      49.2591
      8.00859      8.96479      49.0035     -25.2845  -0.00116486
600           905.386      7.51508      10.1906       2      49.1199
      8.11961      9.26870      49.0035     -25.2707  -0.00716380
600           810.961      7.73994      10.3697       2      49.1439
      7.89986      11.6302      49.0035     -25.2597  -0.00480300
600           2672.89      4.18880      2.93778       3      49.2277
      7.78754      12.3498     -43.4672      19.1248  -0.00779907
600           3151.46      3.61216      3.42083       3      48.9293
      8.30590      11.1778     -43.4672      19.1692  -0.00800276
600           3326.95      3.60222      3.59944       3      49.0180
      8.30374      16.2489     -43.4672      19.1851  -0.00929785
900           3495.71      3.50480      3.77306       3      49.1438
      8.29875      14.4342     -43.4672      19.2002  -0.00654280
900           3764.33      3.38072      4.05500       3      48.7469
      8.63033      13.6695     -43.4672      19.2239   -0.0122250
900           10772.7      2.09032      4.69000       2      48.9341
      6.72864      13.3843     -45.9122      17.6968   -0.0159589
900           11603.0      2.06648      4.99722       3      48.8005
      6.42178      17.6102     -45.9122      17.7287   -0.0137104
300           459.835      8.82398     0.158056       3      49.3653
      8.59832      10.4529     -43.4672      17.3117  -0.00106703
600           2162.79      4.38517      2.31472       2      49.1245
      7.47380      12.2902     -43.4672      17.5199  -0.00688914
600           3680.33      3.63920      2.84444       2      48.8274
      7.76015      12.6576     -47.5517      17.3737  -0.00816877
900           6498.93      2.77550      3.08333       3      48.7969
      6.92901      15.6106     -46.8449      15.7166  -0.00682400
900           7258.05      2.52438      3.35611       2      48.8741
      6.43685      18.7028     -46.8449      15.7450   -0.0112538
900           7999.37      2.42594      3.61722       2      48.7308
      7.07410      16.7513     -46.8449      15.7725   -0.0102152
900           8767.94      2.17141      3.88444       2      48.8593
      6.05839      16.2495     -46.8449      15.8008  -0.00980440
900           31278.4      1.44563      4.86306       2      48.6427
      4.77878      25.1715     -41.5570      12.8489   -0.0127522
1200          33516.7      1.43186      5.15861       2      48.5434
      6.49610      15.5704     -41.5570      12.8808   -0.0132773
1200          19749.4      1.56934      5.51472       3      48.7050
      5.82805      13.5580     -44.7055      14.6076   -0.0109025
600           523.535      8.79195     0.288056       3      48.9975
      9.26022      7.48080     -43.4672      17.3233  -0.00841464
1200          18487.1      1.71794      6.31306       3      48.8917
      5.80509      12.3247     -45.9122      15.4106   -0.0118859
1200          19490.8      1.64268      6.66500       3      48.8836
      5.27136      12.7382     -45.9122      15.4434   -0.0118806
1200          20724.0      1.93635      7.13750       4      48.8655
      6.17590      18.6063     -45.9122      15.4847   -0.0134009
600           622.148      8.24253     0.470000       3      49.0179
      8.72950      8.95520     -43.4672      17.3400  -0.00544944
600           728.353      7.77076     0.646667       3      49.1285
      8.01667      14.8211     -43.4672      17.3564  -0.00632298
600           844.065      7.36357     0.822500       3      48.9157
      8.64027      6.80268     -43.4672      17.3730  -0.00495991
600           1436.92      5.70646      1.56833       2      49.0905
      7.96485      12.0499     -43.4672      17.4456  -0.00526649
600           1627.85      5.61077      1.77611       2      48.8079
      8.23444      12.0847     -43.4672      17.4662  -0.00449424
600           1797.22      5.17232      1.95250       2      48.8259
      8.45383      10.2434     -43.4672      17.4838  -0.00546652
600           1984.59      4.98742      2.14083       2      48.7944
      7.92204      12.3445     -43.4672      17.5026  -0.00738086
900           2160.45      4.82427      8.21806       3      48.8780
      8.38782      4.27040      49.0035     -25.0260  -0.00826143
900           1946.63      5.13923      8.57333       3      48.9061
      8.36630      7.74189      49.0035     -25.0099  -0.00888040
600           1787.29      5.14629      8.83000       3      48.5369
      8.86001    0.0901540      49.0035     -24.9973  -0.00653232
600           1679.48      5.56543      9.00167       2      48.8463
      8.02501      8.89213      49.0035     -24.9884  -0.00458291
600           1565.22      5.72724      9.18306       2      48.6660
      8.82022     0.897727      49.0035     -24.9787  -0.00163084
600           1441.01      5.81312      9.38083       2      48.9067
      7.42738      13.0812      49.0035     -24.9677  -0.00189777
600           1324.72      6.24098      9.56778       2      48.9485
      8.35337      8.52395      49.0035     -24.9570  -0.00300258
600           1212.31      6.48620      9.75139       2      48.8159
      8.27153      8.77299      49.0035     -24.9462  -0.00428788
600           1048.80      6.85843      10.0264       2      48.8913
      7.82414      6.35195      49.0035     -24.9294  -0.00281118
600           948.068      7.26714      10.2025       2      48.9872
      7.74290      10.4612      49.0035     -24.9184  -0.00377406
600           839.773      7.72931      10.3997       1      49.0443
      7.83903      12.7656      49.0035     -24.9058  -0.00568717
900           8718.35      2.16504      6.17333       4      49.0048
      6.46066      12.1528     -42.8261      18.5534  -0.00953931
900           9022.43      2.11809      6.45194       4      49.0921
      5.37049      12.6171     -42.8261      18.5735   -0.0135300
900           9286.26      2.32603      6.72083       4      49.0938
      6.00691      9.22346     -42.8261      18.5915   -0.0119704
900           2457.18      4.67714      7.68528       3      49.0189
      7.73977      13.0964      49.0035     -25.0469  -0.00245516
900           2310.18      4.61466      7.95694       3      48.7631
      8.03264      4.14171      49.0035     -25.0367  -0.00476700
