600           2942.66      4.59413      4.63944       1      49.8895
      8.33625      6.87724     -15.9175     -12.2695   0.00298934
600           3029.97      4.55657      4.81500       1      49.9560
      8.67668      8.29056     -15.9175     -12.2557   0.00477319
600           3105.91      4.53078      4.98889       1      50.1092
      7.57847      13.9616     -15.9175     -12.2420   0.00228918
600           3175.86      4.45538      5.17778       1      50.1212
      8.05995      11.8407     -15.9175     -12.2271   0.00317000
900           3228.87      4.48627      5.35417       1      50.0646
      8.00564      11.9920     -15.9175     -12.2132   0.00461279
900           3351.83      4.13041      5.93000       1      49.7757
      8.18569      8.62118     -18.1245     -14.0975   0.00617674
900           3313.39      4.32367      6.23194       1      49.9139
      8.26492      9.71475     -18.1245     -14.0736   0.00181334
900           3037.05      4.77759      6.61000       1      50.0683
      9.13793      4.89562     -17.7523     -16.0241    0.0174358
900           2916.01      4.92036      6.88361       1      49.8861
      9.41567      1.57566     -17.7523     -16.0026    0.0175787
900           2778.91      4.99644      7.14361       1      50.0215
      8.96379      6.32998     -17.7523     -15.9822    0.0187449
900           2239.60      5.04974      7.62750       1      49.7522
      8.18393      4.22162     -14.8407     -17.8467    0.0288218
900           2054.87      5.37401      7.91028       1      49.7754
      8.00761      7.04629     -14.8407     -17.8251    0.0291603
900           1877.45      5.77474      8.16861       1      49.7533
      8.40120      7.14644     -14.8407     -17.8052    0.0293458
900           1677.71      6.10916      8.45083       1      49.9015
      8.36863      7.28314     -14.8407     -17.7836    0.0303992
600           3132.45      4.57309      4.91722       1      50.7103
      9.69132      5.37755     -15.9175     -11.8741   0.00568891
900           3207.18      4.39020      5.10111       1      50.5115
      8.48532      11.1454     -15.9175     -11.8595    0.0119581
900           3294.41      4.29957      5.37444       1      50.6734
      8.21470      12.1595     -15.9175     -11.8380    0.0122141
900           3378.79      4.25337      5.94722       1      50.5502
      8.23199      8.97591     -15.9175     -11.7933    0.0111508
900           3371.19      4.40364      6.20944       1      50.5634
      8.70401      9.39770     -15.9175     -11.7732   0.00972036
900           3133.98      4.41190      6.55500       1      50.7766
      8.75166      6.38229     -17.7523     -15.6645    0.0153649
900           3014.26      4.63977      6.83111       1      50.7341
      9.58913      3.28957     -17.7523     -15.6428    0.0166769
900           2680.14      5.07205      7.41667       1      50.6881
      8.83382      7.58921     -17.7523     -15.5968    0.0185157
900           2483.51      5.25724      7.70333       1      50.6115
      8.36893      5.87970     -17.7523     -15.5744    0.0165203
900           1913.36      6.01278      8.03222       1      50.7457
      8.95544      9.28233     -12.5156     -18.4035    0.0133583
900           1722.29      6.47938      8.31667       1      50.6266
      9.01965      6.26785     -12.5156     -18.3820    0.0130409
600           3034.93      4.53038      4.71250       1      50.6989
      8.60563      8.43226     -15.9175     -11.8902   0.00888012
600           871.182      8.23263      1.96222       2      51.6428
      9.27560      9.44987     -13.9091     -11.9193   0.00868595
600           2554.76      4.98034      4.24000       1      51.2395
      9.08690      7.86009     -13.9091     -11.7541   0.00748210
600           2662.38      4.75536      4.41667       1      51.0637
      9.54712      2.68753     -13.9091     -11.7403   0.00605454
600           2760.68      4.75751      4.59139       1      50.9958
      9.09224      6.71367     -13.9091     -11.7266    0.0102915
600           2975.49      4.77761      5.05139       1      50.8326
      9.52558      6.36248     -13.9091     -11.6905   0.00770927
600           3042.92      4.59129      5.23917       1      51.1649
      8.48841      10.5772     -13.9091     -11.6759   0.00851230
900           3243.48      4.45792      5.43861       1      50.7249
      8.78769      6.97553     -17.3348     -13.5352   0.00415050
900           3278.68      4.45531      5.70500       1      50.8516
      8.59898      9.87386     -17.3348     -13.5141   0.00260130
900           3235.61      4.27073      6.24889       1      50.8717
      7.91175      9.47806     -18.1245     -14.4502   0.00458641
900           3168.35      4.55875      6.51611       1      50.7597
      8.48805      8.64735     -18.1245     -14.4291   0.00454296
900           3060.00      4.57030      6.81444       1      50.6958
      7.92788      7.99916     -18.1245     -14.4057   0.00653290
600           1003.05      7.94578      2.15389       2      51.6908
      9.27642      10.8214     -13.9091     -11.9069   0.00553340
900           2739.42      4.92806      7.09194       1      50.7336
      9.17360      2.19723     -17.7523     -16.3455    0.0176243
900           2341.49      5.33769      7.56528       1      50.7438
      9.08484     0.107763     -16.6007     -17.2592    0.0122808
600           2163.67      5.82746      7.83472       1      50.5931
      9.35665     0.753334     -16.6007     -17.2383   0.00586086
600           2040.29      5.80199      8.01250       1      50.6354
      8.74317      1.82180     -16.6007     -17.2246   0.00794910
600           1904.79      6.06644      8.20194       1      50.6742
      8.79574      1.06330     -16.6007     -17.2100   0.00883352
600           1775.57      6.32013      8.37889       1      50.7386
      8.70987      6.92716     -16.6007     -17.1964   0.00883734
600           1399.65      7.04329      8.68833       1      50.7696
      9.11250      6.26103     -12.5156     -18.9368    0.0103427
600           1283.60      7.56205      8.86556       1      50.6997
      9.23888      6.32014     -12.5156     -18.9235   0.00843532
600           1163.81      7.96645      9.05056       1      50.6007
      8.70137      5.89736     -12.5156     -18.9096   0.00838235
600           1052.01      8.26501      9.22667       1      50.5049
      8.44824      5.89962     -12.5156     -18.8965    0.0100469
600           1131.98      7.45738      2.33250       2      51.6296
      9.46145      7.21019     -13.9091     -11.8950   0.00563464
600           1271.70      6.94088      2.51917       2      51.5815
      8.87137      9.40333     -13.9091     -11.8823   0.00892965
600           1620.87      6.22202      2.96889       2      51.2497
      9.52664      6.67721     -13.9091     -11.8505   0.00673595
600           1775.72      6.18681      3.16611       2      51.3856
      9.82728      6.90759     -13.9091     -11.8361   0.00831959
600           1923.87      5.81208      3.35639       1      51.4546
      9.45278      6.96185     -13.9091     -11.8219   0.00476295
600           2086.06      5.45122      3.56889       1      51.2502
      9.03188      9.37575     -13.9091     -11.8059   0.00737899
600           2420.99      5.22113      4.03556       1      51.4511
      9.67534      10.1119     -13.9091     -11.7700   0.00898427
600           1338.13      7.38402      2.41333       2      50.1717
      8.69313      11.9415     -15.9175     -11.6858   0.00191954
600           3009.78      4.47210      4.56639       1      49.7393
      8.72736      8.48836     -15.9175     -11.5269   0.00258344
900           3225.61      4.43625      5.00194       1      49.7917
      8.66517      8.42911     -15.9175     -11.4925   0.00533944
900           3327.59      4.32054      5.28167       1      49.9345
      8.29810      12.6804     -15.9175     -11.4704   0.00902018
900           3395.85      4.34525      5.54806       1      49.9749
      8.28040      11.5499     -15.9175     -11.4495    0.0118482
900           3507.53      4.13824      5.83611       1      49.6604
      8.40695      8.63988     -18.1245     -13.3397   0.00233389
900           3290.71      4.53951      6.32917       1      50.1434
      9.13513      5.26574     -17.7523     -15.3138    0.0173717
900           3195.04      4.67328      6.59611       1      49.8347
      9.66092    0.0536338     -17.7523     -15.2928    0.0171998
900           3071.15      4.66894      6.86750       1      49.9382
      8.98815      5.20863     -17.7523     -15.2715    0.0187676
900           2924.09      4.94376      7.13639       1      49.9016
      9.46208      5.55299     -17.7523     -15.2503    0.0197766
900           1910.73      6.07674      8.10361       1      49.7780
      8.84182      4.36074     -12.5156     -18.0967    0.0126549
600           1513.95      6.96963      2.62472       2      50.2057
      8.53482      13.7405     -15.9175     -11.6717   0.00418810
900           1707.24      6.62863      8.39722       1      49.8728
      9.06884      4.30280     -12.5156     -18.0744    0.0110845
600           1518.09      6.82400      8.66611       1      49.8460
      8.84287      6.43830     -12.5156     -18.0539   0.00862638
600           1392.08      7.35684      8.84556       1      49.9107
      8.70824      6.57587     -12.5156     -18.0403   0.00733555
600           1250.41      7.82607      9.04972       1      49.9581
      8.90249      5.84521     -12.5156     -18.0249   0.00629468
600           1798.61      6.17212      2.95972       2      49.9939
      8.62145      6.99785     -15.9175     -11.6485   0.00522267
600           1950.01      5.87677      3.13750       2      50.1142
      8.45226      9.36187     -15.9175     -11.6358   0.00435013
600           2118.49      5.52769      3.33750       2      50.0093
      8.78162      10.6435     -15.9175     -11.6212   0.00354064
600           2468.19      5.21215      3.77056       1      50.0879
      8.74348      10.2420     -15.9175     -11.5887   0.00594408
600           2611.85      5.06868      3.96083       1      50.1082
      8.43124      14.3867     -15.9175     -11.5742   0.00427370
600           2768.04      4.72711      4.18111       1      49.9118
      8.24363      8.01376     -15.9175     -11.5571   0.00324670
600           2890.22      4.50436      4.36722       1      49.9252
      8.06239      7.64165     -15.9175     -11.5426   0.00585458
900           2389.22      5.37829      3.46639       1      43.4334
      9.22416      141.253     -15.9175     -10.1043  -0.00596265
900           3572.28      4.55188      6.47778       1      48.4284
      9.67878      2.22381     -17.7523     -13.7883    0.0128898
900           3447.14      4.53557      6.75667       1      48.3616
      9.72582      4.31243     -17.7523     -13.7661    0.0125982
900           3302.40      4.71606      7.01889       1      48.3574
      9.71342      2.68931     -17.7523     -13.7453    0.0156319
900           2675.55      4.48277      7.51472       1      47.9731
      8.48280    -0.465228     -14.8407     -15.8317    0.0243456
900           2465.16      4.79850      7.80028       1      48.2468
      8.47322      4.02493     -14.8407     -15.8094    0.0278823
900           2231.10      5.12662      8.09944       1      48.0959
      8.64691      2.12290     -14.8407     -15.7861    0.0304276
900           2003.57      5.65941      8.37972       1      48.0122
      8.67175      5.06867     -14.8407     -15.7644    0.0292504
900           2632.70      5.06731      3.75528       1      48.2762
      9.00298      7.48772     -15.9175     -10.0822   0.00309674
900           2836.27      4.81002      4.01194       1      48.4292
      8.63928      11.7918     -15.9175     -10.0622   0.00552909
900           3033.13      4.62984      4.28111       1      48.2882
      9.41864      7.70364     -15.9175     -10.0410   0.00346279
900           3481.51      4.15673      4.80111       1      48.2968
      8.23698      11.1948     -17.3348     -10.8979   0.00201780
900           3615.53      4.11602      5.09944       1      48.2197
      8.80676      9.37497     -17.3348     -10.8741   0.00263735
900           3705.07      4.03463      5.37139       1      48.2718
      8.64654      9.98984     -17.3348     -10.8525   0.00335441
900           3760.56      4.18592      5.63472       1      48.3566
      8.51844      11.8039     -17.3348     -10.8315   0.00211753
900           3659.83      4.61151      6.21917       1      48.7021
      9.49857      8.98127     -17.7523     -13.8088    0.0133595
