600           2121.97      5.69211      5.76167       1      48.6860
      8.29074      4.23138     -13.9091     -18.4862   0.00891011
600           1330.35      7.39880      8.09278       1      48.7968
      8.55551      4.50271     -18.2650     -21.7719   0.00728176
600           1236.44      7.77255      8.28167       1      48.8144
      8.53371      4.80910     -18.2650     -21.7578  1.54986e-05
600           1145.43      7.98265      8.46083       1      48.7029
      8.37805      5.16954     -18.2650     -21.7444   0.00159786
600           1020.56      8.75167      8.70389       1      48.7308
      8.64063      7.13333     -18.2650     -21.7264   0.00138701
600           849.186      9.18322      9.03972       1      48.8114
      8.43699      4.58744     -18.2650     -21.7019   0.00231244
600           754.563      10.0668      9.23028       1      48.7439
      8.52192      4.50192     -18.2650     -21.6882  0.000503201
600           668.533      10.7331      9.40944       2      48.8102
      8.47536      7.12852     -18.2650     -21.6755   0.00518300
600           579.410      11.3524      9.60389       2      48.8032
      8.44242      9.13257     -18.2650     -21.6620   0.00288993
600           502.886      11.8346      9.78111       2      48.7577
      8.69111      5.64284     -18.2650     -21.6499  8.30684e-05
600           425.622      12.7861      9.97389       2      48.6910
      8.42598      6.96421     -18.2650     -21.6370   0.00110784
600           2127.78      5.53795      5.98917       1      48.7346
      8.80030      1.11401     -13.9091     -18.4687   0.00840525
600           359.731      13.2961      10.1542       2      48.5765
      8.65690      4.47140     -18.2650     -21.6252   0.00180618
600           302.577      13.5321      10.3281       2      48.6019
      8.27257      3.72463     -18.2650     -21.6142   -0.0151646
600           2118.84      5.63915      6.20111       1      48.8735
      7.93126      7.49177     -13.9091     -18.4524   0.00744444
600           2100.55      5.93723      6.38028       1      48.8122
      8.83708      2.66760     -13.9091     -18.4387    0.0109556
600           1930.27      5.97401      6.89750       1      48.9384
      8.24029      3.98474     -17.3348     -20.3278   0.00104424
600           1869.63      6.38482      7.08500       1      48.7510
      8.92046      3.93761     -17.3348     -20.3135   0.00219789
600           1805.48      6.49148      7.26028       1      48.7075
      9.05802      2.03370     -17.3348     -20.3001   0.00126951
600           1720.79      6.52523      7.46833       1      48.7015
      8.83658   -0.0741437     -17.3348     -20.2843   0.00273208
600           1417.69      7.14349      7.91139       1      48.8795
      8.28335      9.29341     -18.2650     -21.7855   0.00133460
600           393.985      11.4145      2.06250       4      48.4619
      8.41809      9.74295     -13.5295     -21.5510   -0.0130382
600           1236.64      7.38658      3.91528       2      48.3838
      8.05804      6.61086     -13.5295     -21.4593   0.00988085
600           1317.48      7.32547      4.10389       2      48.2537
      8.18805      9.75127     -13.5295     -21.4476   0.00911430
600           1389.67      7.02706      4.28333       2      48.3347
      8.16153      8.74605     -13.5295     -21.4362   0.00570979
600           1457.59      6.59408      4.46583       2      48.2732
      7.74555      8.10552     -13.5295     -21.4243    0.0116330
600           1524.06      6.59179      4.66333       2      48.4295
      8.15447      8.83224     -13.5295     -21.4110    0.0118125
600           1649.12      6.13939      5.13556       2      48.2655
      8.23569      6.41928     -13.5295     -21.3782    0.0109289
600           494.016      10.9870      2.31722       3      48.4055
      8.39456      8.76060     -13.5295     -21.5412  -0.00539810
600           576.590      10.4657      2.51000       3      48.5364
      8.16565      11.0882     -13.5295     -21.5331  0.000875759
600           674.574      10.0430      2.72611       3      48.4408
      8.30638      8.10867     -13.5295     -21.5235   0.00303241
600           760.772      9.65320      2.90917       3      48.5386
      8.11159      10.1453     -13.5295     -21.5147   0.00453239
600           863.635      8.90363      3.12306       3      48.3735
      8.21614      5.75111     -13.5295     -21.5040   0.00733134
600           961.083      8.35836      3.32444       3      48.2224
      8.80044      3.19762     -13.5295     -21.4934   0.00622821
600           1051.42      7.99442      3.51278       3      48.2721
      8.02262      6.38014     -13.5295     -21.4829   0.00806224
600           1152.26      7.66498      3.72806       3      48.3384
      7.72243      9.15056     -13.5295     -21.4705   0.00917613
600           1759.56      6.37773      4.46250       2      48.9860
      8.55682      8.69049     -13.9091     -18.9048    0.0100718
600           2046.49      6.15658      6.44222       1      48.7365
      8.52916      6.24660     -13.9091     -18.7555   0.00807158
600           1957.48      6.24363      6.87083       1      48.8675
      8.28709      6.29017     -13.9091     -18.7230   0.00821180
600           1905.96      6.61018      7.04778       1      48.8438
      8.63191      5.33170     -13.9091     -18.7098   0.00810176
600           1841.02      6.71274      7.23972       1      48.7365
      8.39841      8.90510     -13.9091     -18.6956   0.00607503
600           1773.59      6.83810      7.41611       2      48.5845
      8.96662      5.17348     -13.9091     -18.6827   0.00628252
600           1691.87      7.14508      7.60944       2      48.6142
      8.45673      7.08676     -13.9091     -18.6688    0.0110304
600           1610.26      7.45137      7.78722       2      48.6723
      8.48715      7.68559     -13.9091     -18.6562   0.00701758
600           1241.52      8.25579      8.21167       1      48.8921
      8.56778      7.87312     -18.2650     -22.0374   0.00455872
600           1148.05      8.49658      8.40111       1      48.8082
      8.26446      6.79720     -18.2650     -22.0233   0.00199495
600           1058.33      8.74773      8.58028       1      48.6387
      8.25830      6.39973     -18.2650     -22.0100   0.00609267
600           1838.72      6.17799      4.66694       1      48.9787
      7.84022      11.7179     -13.9091     -18.8900   0.00935061
600           964.325      9.34456      8.76722       1      48.7852
      8.51724      9.69434     -18.2650     -21.9962   0.00443660
600           874.207      9.59790      8.94750       1      48.7481
      8.30318      7.79781     -18.2650     -21.9830   0.00496316
600           782.972      10.2452      9.13306       1      48.7413
      8.67788      5.94418     -18.2650     -21.9696   0.00381314
600           696.991      10.6579      9.31278       1      48.7660
      8.35170      7.52472     -18.2650     -21.9567   0.00306689
600           615.489      11.2551      9.48972       2      48.8053
      8.63091      7.61652     -18.2650     -21.9442   0.00209300
600           534.728      11.9890      9.67417       2      48.8729
      8.54721      9.05633     -18.2650     -21.9314  0.000948764
600           462.714      12.5306      9.84944       2      48.7223
      8.65981      8.58609     -18.2650     -21.9195   0.00369949
600           1899.23      5.97694      4.84389       1      49.0116
      8.30846      9.80452     -13.9091     -18.8770   0.00917651
600           1957.25      5.98434      5.04111       1      48.8820
      8.09010      7.90237     -13.9091     -18.8624   0.00853879
600           2001.15      6.03129      5.22167       1      49.0146
      8.35313      10.6696     -13.9091     -18.8488   0.00782232
600           2035.15      5.92876      5.39806       1      48.8059
      8.17916      7.13555     -13.9091     -18.8355    0.0101284
600           2081.13      5.83531      5.87389       1      48.7625
      9.34294     -1.57938     -13.9091     -18.7991   0.00630368
600           2080.26      5.95834      6.06806       1      49.0528
      8.07514      9.65549     -13.9091     -18.7842   0.00719889
600           2069.23      5.92439      6.24833       1      48.9353
      7.99549      13.4643     -13.9091     -18.7703    0.0100778
600           520.428      10.1417      2.49444       3      45.0877
      8.00383      7.51244     -13.5295     -22.3868 -0.000746614
600           594.851      9.75596      2.67139       3      48.0443
      8.18575      10.2388     -13.5295     -22.3795  -0.00165403
600           688.534      9.23635      2.88472       3      48.0758
      8.21767      10.3927     -13.5295     -22.3702   0.00287397
600           767.366      8.56764      3.05944       3      47.9730
      8.27241      9.46944     -13.5295     -22.3621  0.000899160
600           862.441      8.17538      3.26778       3      48.0198
      8.33128      12.1267     -13.5295     -22.3519   0.00165029
600           942.503      7.78766      3.44361       3      47.9823
      8.45327      9.31734     -13.5295     -22.3428   0.00357970
600           1021.42      7.37799      3.61944       3      48.0530
      8.04654      10.8650     -13.5295     -22.3333   0.00398418
600           1112.50      7.01473      3.82833       3      48.0379
      7.79139      13.2319     -13.5295     -22.3216   0.00207903
